-0.8,1.44,-0.15,-0.8,1.44,-0.15,-0.84,1.09,0.11,0.24784,-0.10309,-0.09381,-0.95872,-0.85,1.06,0.06,0.24784,-0.10309,-0.09381,-0.95872,-0.82,1.07,0.08,0.43526,-0.27056,0.47877,-0.71283,-0.79,1.08,0.1,0.21358,-0.12695,0.45718,-0.85396,-0.78,1.09,0.13,0.12457,-0.11494,0.54393,-0.82183,-0.77,1.1,0.15,0.12457,-0.11494,0.54393,-0.82183,-0.83,1.08,0.09,0.24784,-0.10309,-0.09381,-0.95872,-0.82,1.11,0.14,-0.00385,-0.17899,0.0059,-0.98383,-0.8,1.11,0.17,-0.29357,-0.17002,0.03173,-0.94016,-0.8,1.09,0.19,-0.43991,-0.13611,0.04886,-0.88632,-0.79,1.08,0.2,-0.43991,-0.13611,0.04886,-0.88632,-0.84,1.07,0.09,0.24784,-0.10309,-0.09381,-0.95872,-0.84,1.11,0.14,0.16645,-0.07048,-0.10583,-0.97782,-0.83,1.12,0.18,-0.25004,-0.11045,-0.08011,-0.95857,-0.83,1.11,0.2,-0.47896,-0.11928,-0.11668,-0.86183,-0.82,1.09,0.21,-0.47896,-0.11928,-0.11668,-0.86183,-0.86,1.07,0.09,0.24784,-0.10309,-0.09381,-0.95872,-0.86,1.1,0.14,0.24978,-0.02511,-0.16372,-0.95403,-0.86,1.12,0.17,-0.24061,-0.12426,-0.16733,-0.94798,-0.85,1.11,0.19,-0.51635,-0.19269,-0.14604,-0.82154,-0.84,1.09,0.21,-0.51635,-0.19269,-0.14604,-0.82154,-0.87,1.07,0.1,0.18785,-0.01828,-0.3222,-0.92767,-0.87,1.09,0.14,0.23962,0.00288,-0.23135,-0.94289,-0.88,1.1,0.16,-0.20737,-0.09774,-0.28236,-0.93151,-0.87,1.09,0.18,-0.47315,-0.22425,-0.24567,-0.81577,-0.86,1.08,0.19,-0.47315,-0.22425,-0.24567,-0.81577,-0.7,1.09,0.12,-0.34929,-0.16854,-0.11826,0.91411,-0.68,1.05,0.07,-0.34929,-0.16854,-0.11826,0.91411,-0.72,1.07,0.09,-0.43707,-0.19841,0.58813,0.65093,-0.75,1.08,0.11,-0.26621,-0.04617,0.54348,0.79475,-0.76,1.09,0.14,-0.17495,-0.02338,0.62087,0.76378,-0.76,1.1,0.16,-0.17495,-0.02338,0.62087,0.76378,-0.71,1.07,0.09,-0.34929,-0.16854,-0.11826,0.91411,-0.73,1.11,0.13,-0.02427,-0.2102,0.00511,0.97734,-0.74,1.11,0.16,0.36389,-0.19551,0.06145,0.90862,-0.75,1.1,0.18,0.50288,-0.15623,0.08413,0.84595,-0.75,1.08,0.19,0.50288,-0.15623,0.08413,0.84595,-0.69,1.07,0.1,-0.34929,-0.16854,-0.11826,0.91411,-0.71,1.11,0.14,-0.0478,-0.19397,-0.07146,0.97723,-0.72,1.12,0.17,0.41253,-0.20693,0.01389,0.88702,-0.73,1.1,0.19,0.64567,-0.17711,0.00326,0.74278,-0.74,1.08,0.19,0.64567,-0.17711,0.00326,0.74278,-0.68,1.07,0.1,-0.34929,-0.16854,-0.11826,0.91411,-0.69,1.11,0.14,-0.13146,-0.16604,-0.15223,0.96539,-0.7,1.12,0.17,0.44783,-0.24464,-0.06826,0.85728,-0.71,1.1,0.19,0.73673,-0.26743,-0.00423,0.62104,-0.72,1.08,0.18,0.73673,-0.26743,-0.00423,0.62104,-0.67,1.07,0.11,-0.2699,-0.10934,-0.34967,0.89046,-0.67,1.09,0.14,-0.26923,-0.11824,-0.25607,0.92085,-0.67,1.11,0.17,0.39297,-0.26968,-0.20173,0.85566,-0.69,1.1,0.18,0.72755,-0.36957,-0.07302,0.57337,-0.7,1.08,0.17,0.72755,-0.36957,-0.07302,0.57337,-0.81,1.08,0.19
-0.8,1.44,-0.15,-0.8,1.44,-0.15,-0.85,1.1,0.11,0.28449,-0.07469,-0.17133,-0.94028,-0.86,1.06,0.06,0.28449,-0.07469,-0.17133,-0.94028,-0.82,1.08,0.08,0.47497,-0.20591,0.42417,-0.74303,-0.8,1.1,0.1,0.24774,-0.08339,0.3823,-0.8863,-0.79,1.11,0.13,0.15585,-0.07698,0.47034,-0.8652,-0.78,1.12,0.15,0.15585,-0.07698,0.47034,-0.8652,-0.83,1.08,0.09,0.28449,-0.07469,-0.17133,-0.94028,-0.83,1.12,0.13,0.02364,-0.16753,-0.07269,-0.9829,-0.82,1.12,0.17,-0.30192,-0.1842,-0.03979,-0.93452,-0.81,1.11,0.19,-0.45782,-0.16162,-0.01743,-0.87406,-0.8,1.09,0.2,-0.45782,-0.16162,-0.01743,-0.87406,-0.85,1.08,0.09,0.28449,-0.07469,-0.17133,-0.94028,-0.85,1.11,0.14,0.18179,-0.05952,-0.1833,-0.96427,-0.85,1.13,0.18,-0.25737,-0.13676,-0.15129,-0.94455,-0.84,1.12,0.2,-0.49884,-0.16355,-0.177,-0.83252,-0.83,1.1,0.21,-0.49884,-0.16355,-0.177,-0.83252,-0.87,1.07,0.09,0.28449,-0.07469,-0.17133,-0.94028,-0.87,1.1,0.14,0.2593,-0.0134,-0.24051,-0.93527,-0.87,1.12,0.17,-0.255,-0.15948,-0.23445,-0.92443,-0.86,1.11,0.19,-0.53964,-0.24929,-0.19489,-0.78017,-0.84,1.09,0.2,-0.53964,-0.24929,-0.19489,-0.78017,-0.87,1.07,0.1,0.21867,-0.00237,-0.39909,-0.89045,-0.88,1.09,0.14,0.25508,0.00653,-0.3088,-0.91626,-0.88,1.1,0.16,-0.21689,-0.14304,-0.348,-0.90078,-0.88,1.09,0.18,-0.49956,-0.29648,-0.28458,-0.76259,-0.86,1.08,0.19,-0.49956,-0.29648,-0.28458,-0.76259,-0.7,1.09,0.12,-0.32909,-0.16206,-0.11329,0.92337,-0.68,1.05,0.07,-0.32909,-0.16206,-0.11329,0.92337,-0.72,1.07,0.1,-0.44535,-0.22378,0.56287,0.65936,-0.75,1.08,0.11,-0.26637,-0.07565,0.52496,0.80482,-0.76,1.09,0.14,-0.17742,-0.05447,0.60568,0.77376,-0.77,1.09,0.16,-0.17742,-0.05447,0.60568,0.77376,-0.71,1.07,0.1,-0.32909,-0.16206,-0.11329,0.92337,-0.73,1.11,0.13,-0.16397,-0.20055,-0.03271,0.96531,-0.74,1.12,0.17,0.14457,-0.20617,0.00514,0.96776,-0.75,1.12,0.19,0.28338,-0.17814,0.02122,0.94208,-0.76,1.11,0.2,0.28338,-0.17814,0.02122,0.94208,-0.7,1.07,0.1,-0.32909,-0.16206,-0.11329,0.92337,-0.71,1.11,0.14,-0.12319,-0.17584,-0.08881,0.97263,-0.72,1.12,0.18,0.28298,-0.19886,-0.02255,0.93801,-0.73,1.11,0.2,0.51363,-0.18867,-0.0385,0.83613,-0.74,1.09,0.21,0.51363,-0.18867,-0.0385,0.83613,-0.68,1.07,0.1,-0.32909,-0.16206,-0.11329,0.92337,-0.69,1.1,0.14,-0.17319,-0.14419,-0.16013,0.96103,-0.7,1.12,0.18,0.36963,-0.22918,-0.09592,0.89535,-0.71,1.1,0.19,0.66333,-0.26642,-0.03833,0.69825,-0.72,1.08,0.2,0.66333,-0.26642,-0.03833,0.69825,-0.67,1.07,0.11,-0.25221,-0.0975,-0.34405,0.89917,-0.67,1.09,0.15,-0.28859,-0.09721,-0.25289,0.91832,-0.67,1.11,0.17,0.34227,-0.24589,-0.22035,0.87968,-0.69,1.1,0.18,0.68401,-0.35682,-0.10246,0.62795,-0.7,1.08,0.18,0.68401,-0.35682,-0.10246,0.62795,-0.81,1.08,0.19
-0.8,1.44,-0.15,-0.8,1.44,-0.15,-0.85,1.1,0.11,0.33891,-0.0526,-0.22032,-0.91314,-0.86,1.06,0.06,0.33891,-0.0526,-0.22032,-0.91314,-0.82,1.09,0.08,0.51212,-0.14223,0.40149,-0.74586,-0.8,1.11,0.1,0.28715,-0.032,0.34086,-0.89461,-0.8,1.12,0.12,0.19027,-0.02592,0.42747,-0.8834,-0.79,1.13,0.15,0.19027,-0.02592,0.42747,-0.8834,-0.84,1.09,0.08,0.33891,-0.0526,-0.22032,-0.91314,-0.84,1.13,0.13,0.08113,-0.15225,-0.12531,-0.977,-0.83,1.13,0.16,-0.27288,-0.19109,-0.08862,-0.93871,-0.82,1.12,0.18,-0.43865,-0.17761,-0.06345,-0.87865,-0.81,1.11,0.19,-0.43865,-0.17761,-0.06345,-0.87865,-0.85,1.08,0.09,0.33891,-0.0526,-0.22032,-0.91314,-0.86,1.12,0.13,0.2178,-0.05578,-0.23183,-0.94642,-0.86,1.14,0.17,-0.23057,-0.15779,-0.1941,-0.94035,-0.85,1.13,0.19,-0.47628,-0.19726,-0.21183,-0.83029,-0.84,1.11,0.2,-0.47628,-0.19726,-0.21183,-0.83029,-0.87,1.07,0.09,0.33891,-0.0526,-0.22032,-0.91314,-0.87,1.11,0.13,0.27641,-0.01751,-0.28891,-0.91642,-0.88,1.13,0.16,-0.23904,-0.19088,-0.27114,-0.91264,-0.87,1.12,0.19,-0.52559,-0.29211,-0.217,-0.76899,-0.85,1.1,0.19,-0.52559,-0.29211,-0.217,-0.76899,-0.87,1.07,0.09,0.26955,0.00304,-0.44894,-0.85193,-0.89,1.09,0.13,0.27064,-0.01126,-0.35871,-0.89328,-0.89,1.1,0.16,-0.20686,-0.18905,-0.37983,-0.88159,-0.88,1.1,0.17,-0.48756,-0.35176,-0.29568,-0.74238,-0.86,1.09,0.18,-0.48756,-0.35176,-0.29568,-0.74238,-0.71,1.09,0.13,-0.27394,-0.15633,-0.07505,0.94598,-0.69,1.06,0.07,-0.27394,-0.15633,-0.07505,0.94598,-0.73,1.06,0.1,-0.42537,-0.27819,0.54752,0.66475,-0.75,1.07,0.11,-0.24189,-0.13091,0.52442,0.80581,-0.77,1.08,0.14,-0.16861,-0.11981,0.60764,0.76681,-0.78,1.08,0.16,-0.16861,-0.11981,0.60764,0.76681,-0.72,1.07,0.1,-0.27394,-0.15633,-0.07505,0.94598,-0.73,1.1,0.14,-0.16107,-0.18924,-0.01106,0.96857,-0.75,1.11,0.18,0.11674,-0.18932,0.01604,0.97482,-0.76,1.11,0.2,0.24529,-0.16049,0.02676,0.9557,-0.76,1.1,0.22,0.24529,-0.16049,0.02676,0.9557,-0.7,1.07,0.1,-0.27394,-0.15633,-0.07505,0.94598,-0.71,1.1,0.15,-0.1736,-0.14735,-0.07312,0.97098,-0.72,1.12,0.19,0.1808,-0.16573,-0.02908,0.96902,-0.73,1.11,0.21,0.37246,-0.16435,-0.05784,0.91154,-0.74,1.09,0.23,0.37246,-0.16435,-0.05784,0.91154,-0.68,1.07,0.11,-0.27394,-0.15633,-0.07505,0.94598,-0.69,1.1,0.15,-0.25579,-0.10509,-0.14096,0.95061,-0.7,1.12,0.18,0.21686,-0.1812,-0.11206,0.95267,-0.71,1.11,0.21,0.48326,-0.22986,-0.07828,0.84113,-0.72,1.09,0.22,0.48326,-0.22986,-0.07828,0.84113,-0.68,1.06,0.11,-0.20496,-0.07666,-0.30408,0.92717,-0.68,1.08,0.15,-0.36059,-0.05196,-0.21482,0.90616,-0.68,1.1,0.17,0.1836,-0.17255,-0.23116,0.93973,-0.68,1.1,0.19,0.52381,-0.29137,-0.15192,0.7859,-0.7,1.08,0.2,0.52381,-0.29137,-0.15192,0.7859,-0.81,1.08,0.19
-0.8,1.44,-0.15,-0.8,1.44,-0.15,-0.86,1.1,0.1,0.3805,-0.04908,-0.21131,-0.89898,-0.86,1.06,0.06,0.3805,-0.04908,-0.21131,-0.89898,-0.83,1.08,0.08,0.51386,-0.11499,0.44136,-0.72658,-0.81,1.11,0.1,0.28919,0.0082,0.37337,-0.88142,-0.8,1.12,0.12,0.17732,0.02333,0.45401,-0.87286,-0.8,1.13,0.15,0.17732,0.02333,0.45401,-0.87286,-0.84,1.09,0.08,0.3805,-0.04908,-0.21131,-0.89898,-0.84,1.13,0.12,0.11319,-0.13607,-0.12048,-0.97681,-0.83,1.14,0.16,-0.2618,-0.1769,-0.08609,-0.94486,-0.82,1.13,0.18,-0.42935,-0.16331,-0.06365,-0.88597,-0.82,1.11,0.19,-0.42935,-0.16331,-0.06365,-0.88597,-0.85,1.08,0.08,0.3805,-0.04908,-0.21131,-0.89898,-0.86,1.12,0.12,0.2299,-0.06755,-0.21796,-0.94608,-0.86,1.14,0.16,-0.21757,-0.16183,-0.17679,-0.94616,-0.85,1.13,0.18,-0.45332,-0.1954,-0.19599,-0.8473,-0.84,1.12,0.2,-0.45332,-0.1954,-0.19599,-0.8473,-0.87,1.08,0.09,0.3805,-0.04908,-0.21131,-0.89898,-0.88,1.11,0.13,0.28539,-0.03499,-0.27781,-0.9166,-0.88,1.13,0.16,-0.21848,-0.19661,-0.25511,-0.92116,-0.87,1.12,0.18,-0.49633,-0.29015,-0.20335,-0.79254,-0.85,1.11,0.19,-0.49633,-0.29015,-0.20335,-0.79254,-0.88,1.07,0.09,0.31206,-0.00399,-0.44318,-0.84035,-0.89,1.09,0.13,0.28575,-0.03601,-0.34939,-0.89161,-0.89,1.11,0.15,-0.18248,-0.20247,-0.36205,-0.89142,-0.88,1.11,0.17,-0.44532,-0.3506,-0.28287,-0.77379,-0.87,1.1,0.18,-0.44532,-0.3506,-0.28287,-0.77379,-0.71,1.08,0.13,-0.18056,-0.14328,-0.0184,0.9729,-0.69,1.06,0.07,-0.18056,-0.14328,-0.0184,0.9729,-0.73,1.06,0.1,-0.38341,-0.32022,0.51881,0.69376,-0.76,1.06,0.11,-0.20427,-0.18352,0.50283,0.8196,-0.77,1.07,0.14,-0.16144,-0.19597,0.58478,0.77044,-0.79,1.07,0.16,-0.16144,-0.19597,0.58478,0.77044,-0.72,1.06,0.1,-0.18056,-0.14328,-0.0184,0.9729,-0.74,1.09,0.15,-0.03296,-0.1677,0.04583,0.98422,-0.75,1.09,0.19,0.25593,-0.14877,0.0663,0.95288,-0.76,1.08,0.21,0.3849,-0.11146,0.07589,0.91305,-0.76,1.06,0.22,0.3849,-0.11146,0.07589,0.91305,-0.7,1.06,0.1,-0.18056,-0.14328,-0.0184,0.9729,-0.72,1.09,0.16,-0.08333,-0.12364,-0.01796,0.98866,-0.73,1.1,0.2,0.26748,-0.12305,0.01354,0.95558,-0.73,1.08,0.22,0.43326,-0.10934,-0.02459,0.89427,-0.74,1.07,0.23,0.43326,-0.10934,-0.02459,0.89427,-0.69,1.07,0.11,-0.18056,-0.14328,-0.0184,0.9729,-0.7,1.08,0.16,-0.19635,-0.0842,-0.08216,0.97345,-0.7,1.1,0.19,0.27954,-0.13326,-0.07147,0.94815,-0.71,1.09,0.21,0.52147,-0.1706,-0.05776,0.83405,-0.72,1.07,0.22,0.52147,-0.1706,-0.05776,0.83405,-0.68,1.06,0.11,-0.12473,-0.03988,-0.24196,0.96141,-0.68,1.07,0.15,-0.30337,-0.03266,-0.14842,0.94068,-0.68,1.09,0.18,0.22951,-0.11261,-0.18859,0.9482,-0.68,1.08,0.2,0.53916,-0.21544,-0.14545,0.80108,-0.7,1.07,0.2,0.53916,-0.21544,-0.14545,0.80108,-0.81,1.08,0.19
-0.8,1.44,-0.15,-0.8,1.44,-0.15,-0.86,1.1,0.1,0.39207,-0.05159,-0.20306,-0.89576,-0.86,1.06,0.06,0.39207,-0.05159,-0.20306,-0.89576,-0.83,1.08,0.08,0.51034,-0.11345,0.46074,-0.71721,-0.81,1.1,0.1,0.28002,0.01961,0.39276,-0.87575,-0.8,1.12,0.12,0.15869,0.0405,0.47007,-0.8673,-0.8,1.13,0.15,0.15869,0.0405,0.47007,-0.8673,-0.84,1.08,0.08,0.39207,-0.05159,-0.20306,-0.89576,-0.84,1.13,0.12,0.11716,-0.13114,-0.11417,-0.97777,-0.83,1.14,0.16,-0.27017,-0.1711,-0.07993,-0.94411,-0.82,1.13,0.17,-0.43881,-0.15651,-0.05809,-0.88294,-0.82,1.11,0.19,-0.43881,-0.15651,-0.05809,-0.88294,-0.86,1.08,0.08,0.39207,-0.05159,-0.20306,-0.89576,-0.86,1.12,0.12,0.2199,-0.0792,-0.20458,-0.95054,-0.86,1.14,0.16,-0.22233,-0.16508,-0.16078,-0.94735,-0.85,1.13,0.18,-0.44242,-0.19174,-0.18189,-0.85698,-0.84,1.12,0.2,-0.44242,-0.19174,-0.18189,-0.85698,-0.87,1.07,0.09,0.39207,-0.05159,-0.20306,-0.89576,-0.88,1.11,0.13,0.28018,-0.04739,-0.26677,-0.92092,-0.88,1.13,0.16,-0.1999,-0.19488,-0.24451,-0.92859,-0.87,1.12,0.18,-0.46144,-0.28188,-0.19877,-0.81738,-0.85,1.11,0.19,-0.46144,-0.28188,-0.19877,-0.81738,-0.88,1.07,0.09,0.32396,-0.00912,-0.43611,-0.83951,-0.89,1.09,0.13,0.28839,-0.05053,-0.3389,-0.89411,-0.89,1.11,0.15,-0.1606,-0.20224,-0.35015,-0.90039,-0.88,1.11,0.17,-0.40056,-0.33817,-0.28106,-0.80386,-0.87,1.1,0.18,-0.40056,-0.33817,-0.28106,-0.80386,-0.71,1.08,0.13,-0.15965,-0.13688,-0.00643,0.97762,-0.69,1.06,0.07,-0.15965,-0.13688,-0.00643,0.97762,-0.73,1.06,0.1,-0.38264,-0.31245,0.50136,0.71035,-0.76,1.07,0.11,-0.21464,-0.18853,0.47832,0.83042,-0.77,1.07,0.14,-0.19533,-0.21666,0.55805,0.77684,-0.79,1.07,0.16,-0.19533,-0.21666,0.55805,0.77684,-0.72,1.07,0.1,-0.15965,-0.13688,-0.00643,0.97762,-0.74,1.08,0.15,0.00076,-0.1609,0.05878,0.98522,-0.75,1.08,0.19,0.30214,-0.13652,0.07874,0.94015,-0.75,1.07,0.21,0.4445,-0.09569,0.08992,0.8861,-0.76,1.05,0.22,0.4445,-0.09569,0.08992,0.8861,-0.7,1.07,0.1,-0.15965,-0.13688,-0.00643,0.97762,-0.72,1.09,0.16,-0.06046,-0.1176,-0.00559,0.9912,-0.73,1.09,0.2,0.29606,-0.11263,0.02374,0.94821,-0.73,1.08,0.22,0.46451,-0.09545,-0.01604,0.88027,-0.74,1.06,0.23,0.46451,-0.09545,-0.01604,0.88027,-0.69,1.07,0.11,-0.15965,-0.13688,-0.00643,0.97762,-0.7,1.08,0.16,-0.17956,-0.08047,-0.06879,0.97803,-0.7,1.1,0.19,0.30332,-0.12352,-0.06104,0.94288,-0.71,1.08,0.21,0.54648,-0.15792,-0.05053,0.82089,-0.72,1.06,0.22,0.54648,-0.15792,-0.05053,0.82089,-0.68,1.06,0.11,-0.1074,-0.02848,-0.22852,0.96718,-0.68,1.07,0.15,-0.30238,-0.02362,-0.13329,0.94353,-0.68,1.09,0.18,0.22986,-0.0968,-0.18059,0.95141,-0.68,1.08,0.2,0.54222,-0.19817,-0.14329,0.80386,-0.69,1.07,0.2,0.54222,-0.19817,-0.14329,0.80386,-0.81,1.08,0.19
-0.8,1.44,-0.15,-0.8,1.44,-0.15,-0.85,1.1,0.11,0.35542,-0.06593,-0.14579,-0.92091,-0.86,1.06,0.06,0.35542,-0.06593,-0.14579,-0.92091,-0.83,1.07,0.08,0.46956,-0.15926,0.50702,-0.70504,-0.8,1.09,0.1,0.2368,-0.00376,0.4536,-0.85916,-0.8,1.1,0.13,0.11374,0.02324,0.52904,-0.84062,-0.79,1.11,0.15,0.11374,0.02324,0.52904,-0.84062,-0.84,1.08,0.08,0.35542,-0.06593,-0.14579,-0.92091,-0.83,1.12,0.13,0.04882,-0.12497,-0.05723,-0.9893,-0.82,1.12,0.16,-0.361,-0.14255,-0.02664,-0.92122,-0.82,1.11,0.18,-0.52618,-0.11799,-0.0077,-0.84211,-0.81,1.09,0.19,-0.52618,-0.11799,-0.0077,-0.84211,-0.85,1.07,0.09,0.35542,-0.06593,-0.14579,-0.92091,-0.86,1.12,0.13,0.14369,-0.09037,-0.14035,-0.97544,-0.85,1.13,0.17,-0.29654,-0.14527,-0.09944,-0.93865,-0.84,1.12,0.19,-0.5021,-0.15265,-0.12781,-0.84158,-0.83,1.1,0.2,-0.5021,-0.15265,-0.12781,-0.84158,-0.87,1.07,0.09,0.35542,-0.06593,-0.14579,-0.92091,-0.87,1.11,0.13,0.20663,-0.06431,-0.20341,-0.95488,-0.87,1.12,0.16,-0.26714,-0.17349,-0.18586,-0.92951,-0.86,1.11,0.18,-0.51619,-0.24142,-0.15351,-0.80728,-0.85,1.09,0.19,-0.51619,-0.24142,-0.15351,-0.80728,-0.88,1.07,0.09,0.29309,-0.01084,-0.38047,-0.87706,-0.89,1.09,0.13,0.22721,-0.06898,-0.27829,-0.93068,-0.89,1.1,0.16,-0.218,-0.18164,-0.29158,-0.91349,-0.88,1.1,0.17,-0.44779,-0.29831,-0.2384,-0.80849,-0.86,1.09,0.18,-0.44779,-0.29831,-0.2384,-0.80849,-0.71,1.09,0.12,-0.26565,-0.16844,-0.10303,0.94363,-0.69,1.06,0.07,-0.26565,-0.16844,-0.10303,0.94363,-0.73,1.07,0.09,-0.47485,-0.2448,0.47679,0.69804,-0.75,1.08,0.1,-0.30914,-0.1353,0.43642,0.83406,-0.77,1.1,0.13,-0.28252,-0.15336,0.52255,0.78969,-0.78,1.11,0.15,-0.28252,-0.15336,0.52255,0.78969,-0.72,1.08,0.09,-0.26565,-0.16844,-0.10303,0.94363,-0.73,1.11,0.14,-0.01902,-0.219,0.00212,0.97554,-0.75,1.11,0.17,0.38674,-0.20333,0.06639,0.89704,-0.76,1.09,0.19,0.53835,-0.16161,0.09415,0.82171,-0.76,1.07,0.19,0.53835,-0.16161,0.09415,0.82171,-0.7,1.08,0.1,-0.26565,-0.16844,-0.10303,0.94363,-0.71,1.11,0.14,-0.04751,-0.18196,-0.07408,0.97936,-0.73,1.12,0.18,0.40802,-0.19753,0.00475,0.89134,-0.74,1.1,0.2,0.61833,-0.1724,-0.01122,0.7667,-0.74,1.07,0.2,0.61833,-0.1724,-0.01122,0.7667,-0.68,1.07,0.1,-0.26565,-0.16844,-0.10303,0.94363,-0.69,1.1,0.15,-0.12919,-0.1473,-0.14768,0.96943,-0.7,1.11,0.18,0.43444,-0.22535,-0.07945,0.86843,-0.72,1.09,0.19,0.69672,-0.25557,-0.03107,0.66956,-0.73,1.07,0.19,0.69672,-0.25557,-0.03107,0.66956,-0.68,1.07,0.11,-0.19055,-0.08751,-0.3293,0.92065,-0.68,1.09,0.15,-0.29494,-0.07408,-0.24119,0.9216,-0.68,1.11,0.17,0.32626,-0.21844,-0.22773,0.89105,-0.69,1.1,0.19,0.64604,-0.33186,-0.13318,0.67436,-0.7,1.08,0.19,0.64604,-0.33186,-0.13318,0.67436,-0.81,1.08,0.19
-0.8,1.44,-0.15,-0.8,1.44,-0.15,-0.85,1.09,0.11,0.32932,-0.06818,-0.12925,-0.93284,-0.86,1.06,0.06,0.32932,-0.06818,-0.12925,-0.93284,-0.83,1.07,0.09,0.44211,-0.17708,0.52124,-0.70816,-0.8,1.09,0.1,0.20955,-0.01428,0.47338,-0.85545,-0.8,1.1,0.13,0.08939,0.0116,0.54835,-0.83137,-0.79,1.1,0.16,0.08939,0.0116,0.54835,-0.83137,-0.84,1.07,0.09,0.32932,-0.06818,-0.12925,-0.93284,-0.83,1.11,0.13,0.00304,-0.11673,-0.04421,-0.99217,-0.82,1.11,0.17,-0.42408,-0.12896,-0.01543,-0.89626,-0.82,1.1,0.18,-0.58632,-0.10211,0.00316,-0.80361,-0.81,1.08,0.19,-0.58632,-0.10211,0.00316,-0.80361,-0.85,1.07,0.09,0.32932,-0.06818,-0.12925,-0.93284,-0.85,1.11,0.13,0.06325,-0.09421,-0.1189,-0.9864,-0.85,1.12,0.17,-0.38531,-0.13933,-0.07694,-0.90896,-0.84,1.1,0.19,-0.58747,-0.13635,-0.10568,-0.79065,-0.83,1.08,0.2,-0.58747,-0.13635,-0.10568,-0.79065,-0.87,1.07,0.09,0.32932,-0.06818,-0.12925,-0.93284,-0.87,1.1,0.13,0.1266,-0.0726,-0.18185,-0.97244,-0.87,1.11,0.17,-0.35403,-0.16885,-0.16353,-0.90521,-0.86,1.1,0.19,-0.5976,-0.22892,-0.13457,-0.75654,-0.84,1.08,0.19,-0.5976,-0.22892,-0.13457,-0.75654,-0.88,1.07,0.09,0.26946,-0.00563,-0.36322,-0.89187,-0.89,1.09,0.13,0.16643,-0.07499,-0.26076,-0.94799,-0.88,1.1,0.16,-0.29229,-0.17796,-0.27143,-0.89957,-0.87,1.09,0.17,-0.5232,-0.29043,-0.22134,-0.77001,-0.86,1.07,0.18,-0.5232,-0.29043,-0.22134,-0.77001,-0.7,1.1,0.1,-0.40825,-0.22754,-0.15414,0.87051,-0.68,1.06,0.06,-0.40825,-0.22754,-0.15414,0.87051,-0.72,1.07,0.08,-0.54869,-0.17783,0.52579,0.62519,-0.75,1.09,0.09,-0.39254,-0.06114,0.4732,0.7863,-0.76,1.11,0.11,-0.32811,-0.04866,0.5591,0.75986,-0.78,1.12,0.13,-0.32811,-0.04866,0.5591,0.75986,-0.71,1.08,0.08,-0.40825,-0.22754,-0.15414,0.87051,-0.73,1.13,0.11,-0.05312,-0.28904,0.02382,0.95555,-0.75,1.13,0.14,0.4034,-0.25164,0.13123,0.8699,-0.76,1.11,0.15,0.55504,-0.19713,0.16875,0.79031,-0.76,1.09,0.16,0.55504,-0.19713,0.16875,0.79031,-0.7,1.08,0.09,-0.40825,-0.22754,-0.15414,0.87051,-0.71,1.13,0.12,-0.12957,-0.26383,-0.08833,0.95174,-0.73,1.14,0.15,0.37025,-0.2759,0.04437,0.88591,-0.74,1.12,0.17,0.62213,-0.23644,0.054,0.7444,-0.75,1.1,0.17,0.62213,-0.23644,0.054,0.7444,-0.68,1.08,0.09,-0.40825,-0.22754,-0.15414,0.87051,-0.69,1.12,0.13,-0.21905,-0.23454,-0.18,0.92984,-0.71,1.14,0.16,0.36679,-0.32012,-0.04602,0.87228,-0.72,1.12,0.17,0.66675,-0.33178,0.04534,0.66582,-0.73,1.1,0.17,0.66675,-0.33178,0.04534,0.66582,-0.68,1.07,0.1,-0.31052,-0.18545,-0.38257,0.85019,-0.68,1.1,0.13,-0.36417,-0.16364,-0.30021,0.8663,-0.68,1.13,0.15,0.28625,-0.3404,-0.20383,0.87215,-0.7,1.12,0.17,0.62627,-0.43374,-0.04647,0.64614,-0.71,1.1,0.16,0.62627,-0.43374,-0.04647,0.64614,-0.81,1.08,0.19
-0.8,1.44,-0.15,-0.8,1.44,-0.15,-0.85,1.09,0.11,0.33056,-0.06514,-0.14209,-0.93075,-0.86,1.06,0.06,0.33056,-0.06514,-0.14209,-0.93075,-0.83,1.07,0.09,0.43939,-0.16901,0.51724,-0.71473,-0.8,1.09,0.1,0.20689,-0.00817,0.4666,-0.85989,-0.8,1.1,0.13,0.09156,0.01297,0.54174,-0.83545,-0.79,1.1,0.16,0.09156,0.01297,0.54174,-0.83545,-0.84,1.08,0.09,0.33056,-0.06514,-0.14209,-0.93075,-0.83,1.11,0.13,-0.00402,-0.11583,-0.05811,-0.99156,-0.82,1.12,0.17,-0.43005,-0.1339,-0.02839,-0.89237,-0.82,1.1,0.18,-0.59152,-0.10936,-0.00849,-0.79879,-0.81,1.08,0.19,-0.59152,-0.10936,-0.00849,-0.79879,-0.85,1.07,0.09,0.33056,-0.06514,-0.14209,-0.93075,-0.85,1.11,0.13,0.04578,-0.09569,-0.1312,-0.98567,-0.85,1.12,0.17,-0.41271,-0.14708,-0.08534,-0.89485,-0.84,1.1,0.19,-0.62427,-0.1447,-0.1103,-0.75973,-0.83,1.08,0.19,-0.62427,-0.1447,-0.1103,-0.75973,-0.87,1.07,0.09,0.33056,-0.06514,-0.14209,-0.93075,-0.87,1.1,0.13,0.11404,-0.07396,-0.19438,-0.97146,-0.87,1.11,0.17,-0.37719,-0.17782,-0.17179,-0.89252,-0.86,1.1,0.19,-0.62717,-0.24045,-0.13762,-0.72794,-0.84,1.08,0.19,-0.62717,-0.24045,-0.13762,-0.72794,-0.88,1.06,0.09,0.26952,-0.00347,-0.37544,-0.88679,-0.89,1.09,0.13,0.16275,-0.07283,-0.27458,-0.94489,-0.88,1.1,0.16,-0.31551,-0.18844,-0.28096,-0.88657,-0.87,1.09,0.18,-0.55879,-0.30725,-0.22231,-0.73751,-0.86,1.07,0.18,-0.55879,-0.30725,-0.22231,-0.73751,-0.7,1.1,0.11,-0.38351,-0.21607,-0.12503,0.88916,-0.68,1.06,0.07,-0.38351,-0.21607,-0.12503,0.88916,-0.72,1.07,0.09,-0.49572,-0.19368,0.57313,0.62311,-0.75,1.08,0.1,-0.34263,-0.06084,0.5255,0.77637,-0.76,1.1,0.12,-0.27569,-0.04886,0.60745,0.74337,-0.77,1.11,0.14,-0.27569,-0.04886,0.60745,0.74337,-0.71,1.08,0.09,-0.38351,-0.21607,-0.12503,0.88916,-0.73,1.12,0.12,-0.01217,-0.26993,0.04943,0.96153,-0.75,1.12,0.15,0.42265,-0.22504,0.13958,0.86674,-0.76,1.1,0.16,0.56851,-0.17008,0.17163,0.78639,-0.76,1.08,0.17,0.56851,-0.17008,0.17163,0.78639,-0.7,1.08,0.09,-0.38351,-0.21607,-0.12503,0.88916,-0.71,1.12,0.12,-0.09161,-0.24409,-0.06208,0.96342,-0.73,1.13,0.16,0.38252,-0.24676,0.04965,0.889,-0.74,1.11,0.18,0.62282,-0.20769,0.0488,0.75271,-0.75,1.09,0.18,0.62282,-0.20769,0.0488,0.75271,-0.68,1.08,0.1,-0.38351,-0.21607,-0.12503,0.88916,-0.69,1.11,0.13,-0.17683,-0.21563,-0.15122,0.94835,-0.71,1.13,0.16,0.39731,-0.28615,-0.03938,0.87104,-0.72,1.11,0.18,0.68893,-0.29777,0.03629,0.65984,-0.73,1.09,0.18,0.68893,-0.29777,0.03629,0.65984,-0.68,1.07,0.1,-0.29269,-0.16607,-0.35499,0.8722,-0.68,1.1,0.14,-0.31769,-0.14889,-0.26957,0.89679,-0.68,1.12,0.16,0.33682,-0.30481,-0.19279,0.86976,-0.69,1.11,0.17,0.6686,-0.39682,-0.05575,0.62642,-0.71,1.09,0.17,0.6686,-0.39682,-0.05575,0.62642,-0.81,1.08,0.19
-0.8,1.44,-0.15,-0.8,1.44,-0.15,-0.85,1.09,0.11,0.33371,-0.06275,-0.15567,-0.92762,-0.86,1.06,0.06,0.33371,-0.06275,-0.15567,-0.92762,-0.83,1.07,0.09,0.43899,-0.16043,0.51218,-0.72057,-0.8,1.09,0.11,0.20575,-0.0016,0.4587,-0.86444,-0.8,1.1,0.14,0.09351,0.01602,0.53392,-0.8402,-0.8,1.1,0.16,0.09351,0.01602,0.53392,-0.8402,-0.84,1.08,0.09,0.33371,-0.06275,-0.15567,-0.92762,-0.83,1.12,0.13,-0.00798,-0.11763,-0.07128,-0.99046,-0.83,1.12,0.17,-0.42609,-0.14073,-0.04065,-0.89274,-0.82,1.1,0.18,-0.58424,-0.11825,-0.02001,-0.80267,-0.81,1.08,0.19,-0.58424,-0.11825,-0.02001,-0.80267,-0.85,1.07,0.09,0.33371,-0.06275,-0.15567,-0.92762,-0.86,1.11,0.13,0.04396,-0.09666,-0.14535,-0.98366,-0.85,1.12,0.17,-0.41197,-0.15426,-0.09769,-0.89271,-0.84,1.1,0.19,-0.626,-0.15487,-0.1201,-0.7548,-0.83,1.08,0.2,-0.626,-0.15487,-0.1201,-0.7548,-0.87,1.07,0.09,0.33371,-0.06275,-0.15567,-0.92762,-0.87,1.1,0.13,0.11634,-0.07277,-0.20922,-0.96819,-0.87,1.11,0.17,-0.3768,-0.18479,-0.18448,-0.88873,-0.86,1.1,0.19,-0.62978,-0.25141,-0.14637,-0.72024,-0.84,1.08,0.19,-0.62978,-0.25141,-0.14637,-0.72024,-0.88,1.06,0.1,0.27122,-0.0025,-0.38843,-0.88066,-0.89,1.09,0.13,0.16571,-0.06636,-0.29082,-0.93998,-0.89,1.1,0.16,-0.31981,-0.19376,-0.29633,-0.87884,-0.87,1.09,0.18,-0.56665,-0.31861,-0.23287,-0.7233,-0.86,1.07,0.18,-0.56665,-0.31861,-0.23287,-0.7233,-0.7,1.1,0.11,-0.37999,-0.20235,-0.13059,0.89309,-0.68,1.06,0.07,-0.37999,-0.20235,-0.13059,0.89309,-0.72,1.07,0.09,-0.48901,-0.18339,0.56898,0.63522,-0.75,1.09,0.1,-0.33071,-0.04856,0.51879,0.78685,-0.76,1.1,0.13,-0.2616,-0.03773,0.6003,0.75484,-0.77,1.11,0.15,-0.2616,-0.03773,0.6003,0.75484,-0.71,1.08,0.09,-0.37999,-0.20235,-0.13059,0.89309,-0.73,1.12,0.12,0.00153,-0.25963,0.04131,0.96482,-0.75,1.12,0.15,0.40862,-0.22297,0.12056,0.8768,-0.75,1.1,0.17,0.5467,-0.17315,0.14965,0.80545,-0.76,1.08,0.17,0.5467,-0.17315,0.14965,0.80545,-0.7,1.08,0.09,-0.37999,-0.20235,-0.13059,0.89309,-0.71,1.12,0.13,-0.08173,-0.2329,-0.07039,0.9665,-0.73,1.13,0.16,0.36552,-0.2418,0.02972,0.89835,-0.74,1.11,0.18,0.5912,-0.21136,0.02493,0.77794,-0.74,1.09,0.19,0.5912,-0.21136,0.02493,0.77794,-0.68,1.08,0.1,-0.37999,-0.20235,-0.13059,0.89309,-0.69,1.11,0.13,-0.16739,-0.20211,-0.15932,0.95171,-0.7,1.13,0.17,0.38701,-0.2782,-0.05968,0.87708,-0.72,1.11,0.18,0.66978,-0.29908,0.01079,0.67958,-0.73,1.09,0.18,0.66978,-0.29908,0.01079,0.67958,-0.67,1.07,0.1,-0.29127,-0.1516,-0.36095,0.87287,-0.68,1.1,0.14,-0.30103,-0.13715,-0.27455,0.90288,-0.68,1.12,0.16,0.34454,-0.29571,-0.20677,0.86666,-0.69,1.11,0.17,0.66236,-0.39372,-0.079,0.63247,-0.71,1.09,0.17,0.66236,-0.39372,-0.079,0.63247,-0.81,1.08,0.19
-0.8,1.44,-0.15,-0.8,1.44,-0.15,-0.85,1.09,0.11,0.33253,-0.06137,-0.15333,-0.92852,-0.86,1.06,0.06,0.33253,-0.06137,-0.15333,-0.92852,-0.83,1.07,0.09,0.43111,-0.15986,0.51942,-0.72027,-0.8,1.09,0.11,0.19887,0.00167,0.46573,-0.86229,-0.8,1.1,0.14,0.09239,0.01564,0.54066,-0.83601,-0.8,1.1,0.16,0.09239,0.01564,0.54066,-0.83601,-0.84,1.08,0.09,0.33253,-0.06137,-0.15333,-0.92852,-0.83,1.12,0.13,-0.00966,-0.11655,-0.06881,-0.99075,-0.82,1.12,0.17,-0.40565,-0.13765,-0.04232,-0.90262,-0.82,1.1,0.18,-0.55694,-0.11526,-0.0243,-0.82216,-0.81,1.08,0.19,-0.55694,-0.11526,-0.0243,-0.82216,-0.85,1.07,0.09,0.33253,-0.06137,-0.15333,-0.92852,-0.86,1.11,0.13,0.0567,-0.09159,-0.14558,-0.98346,-0.85,1.12,0.17,-0.37283,-0.14691,-0.10468,-0.9102,-0.84,1.1,0.19,-0.5796,-0.15112,-0.13057,-0.79005,-0.83,1.08,0.2,-0.5796,-0.15112,-0.13057,-0.79005,-0.87,1.07,0.09,0.33253,-0.06137,-0.15333,-0.92852,-0.87,1.1,0.13,0.13471,-0.0637,-0.21031,-0.96621,-0.87,1.11,0.17,-0.34716,-0.17569,-0.19171,-0.90103,-0.86,1.1,0.19,-0.5979,-0.24487,-0.15716,-0.7469,-0.84,1.08,0.19,-0.5979,-0.24487,-0.15716,-0.7469,-0.88,1.06,0.1,0.27067,-0.00075,-0.38621,-0.8818,-0.89,1.09,0.13,0.17849,-0.05036,-0.29279,-0.93802,-0.89,1.1,0.16,-0.30195,-0.18027,-0.30659,-0.88449,-0.88,1.09,0.18,-0.5455,-0.30765,-0.24805,-0.73908,-0.86,1.08,0.18,-0.5455,-0.30765,-0.24805,-0.73908,-0.7,1.1,0.11,-0.36212,-0.1985,-0.11365,0.90363,-0.68,1.06,0.07,-0.36212,-0.1985,-0.11365,0.90363,-0.72,1.07,0.09,-0.46766,-0.19587,0.58366,0.63425,-0.75,1.08,0.11,-0.30072,-0.04871,0.53835,0.78573,-0.76,1.09,0.13,-0.23017,-0.03872,0.61796,0.75077,-0.77,1.1,0.15,-0.23017,-0.03872,0.61796,0.75077,-0.71,1.07,0.09,-0.36212,-0.1985,-0.11365,0.90363,-0.73,1.12,0.12,0.03319,-0.24841,0.05579,0.96648,-0.75,1.11,0.16,0.42172,-0.20829,0.12501,0.87358,-0.75,1.1,0.17,0.54572,-0.16007,0.14916,0.8089,-0.76,1.08,0.18,0.54572,-0.16007,0.14916,0.8089,-0.7,1.07,0.09,-0.36212,-0.1985,-0.11365,0.90363,-0.71,1.12,0.13,-0.05661,-0.22476,-0.05378,0.97128,-0.73,1.13,0.17,0.37936,-0.22721,0.03811,0.89611,-0.74,1.11,0.18,0.58823,-0.19586,0.02722,0.78414,-0.75,1.08,0.19,0.58823,-0.19586,0.02722,0.78414,-0.68,1.07,0.1,-0.36212,-0.1985,-0.11365,0.90363,-0.69,1.11,0.14,-0.15087,-0.19296,-0.14374,0.95882,-0.71,1.12,0.17,0.39206,-0.26081,-0.05565,0.88044,-0.72,1.11,0.18,0.66008,-0.2826,0.00339,0.69601,-0.73,1.09,0.19,0.66008,-0.2826,0.00339,0.69601,-0.67,1.07,0.11,-0.27696,-0.14239,-0.34429,0.88571,-0.68,1.1,0.14,-0.28852,-0.12944,-0.25699,0.91321,-0.68,1.12,0.17,0.34141,-0.27373,-0.20367,0.8758,-0.69,1.11,0.18,0.64319,-0.37102,-0.0955,0.66297,-0.71,1.09,0.18,0.64319,-0.37102,-0.0955,0.66297,-0.81,1.08,0.19
-0.8,1.44,-0.15,-0.8,1.44,-0.15,-0.85,1.09,0.11,0.3241,-0.05889,-0.13926,-0.93386,-0.86,1.06,0.06,0.3241,-0.05889,-0.13926,-0.93386,-0.83,1.07,0.09,0.4197,-0.16612,0.52977,-0.71806,-0.8,1.09,0.11,0.18936,-0.00071,0.47805,-0.85768,-0.8,1.1,0.14,0.09376,0.00677,0.55327,-0.82768,-0.79,1.1,0.16,0.09376,0.00677,0.55327,-0.82768,-0.84,1.08,0.09,0.3241,-0.05889,-0.13926,-0.93386,-0.83,1.11,0.13,-0.00091,-0.10896,-0.05896,-0.9923,-0.82,1.11,0.17,-0.37949,-0.12622,-0.03893,-0.91572,-0.82,1.1,0.19,-0.53041,-0.10346,-0.02413,-0.84106,-0.81,1.08,0.2,-0.53041,-0.10346,-0.02413,-0.84106,-0.85,1.07,0.09,0.3241,-0.05889,-0.13926,-0.93386,-0.85,1.11,0.13,0.0754,-0.08017,-0.1359,-0.98459,-0.85,1.12,0.18,-0.3186,-0.1285,-0.10608,-0.93313,-0.84,1.1,0.2,-0.50285,-0.13439,-0.13895,-0.84248,-0.83,1.09,0.21,-0.50285,-0.13439,-0.13895,-0.84248,-0.87,1.07,0.09,0.3241,-0.05889,-0.13926,-0.93386,-0.87,1.1,0.13,0.15525,-0.05025,-0.19959,-0.9662,-0.87,1.11,0.17,-0.28847,-0.15154,-0.19443,-0.92521,-0.86,1.1,0.19,-0.51961,-0.21989,-0.17143,-0.80763,-0.85,1.08,0.2,-0.51961,-0.21989,-0.17143,-0.80763,-0.88,1.06,0.1,0.2649,0.0044,-0.37256,-0.88938,-0.89,1.09,0.13,0.1851,-0.03698,-0.28048,-0.94112,-0.89,1.1,0.16,-0.26525,-0.15305,-0.30664,-0.90121,-0.88,1.09,0.18,-0.48248,-0.27253,-0.26498,-0.78913,-0.86,1.08,0.19,-0.48248,-0.27253,-0.26498,-0.78913,-0.7,1.1,0.11,-0.38365,-0.17408,-0.1249,0.89828,-0.68,1.06,0.07,-0.38365,-0.17408,-0.1249,0.89828,-0.72,1.07,0.09,-0.47253,-0.16075,0.57914,0.64457,-0.74,1.08,0.11,-0.30239,-0.01388,0.52429,0.79592,-0.76,1.1,0.13,-0.2264,-0.00313,0.60279,0.7651,-0.76,1.11,0.16,-0.2264,-0.00313,0.60279,0.7651,-0.71,1.08,0.09,-0.38365,-0.17408,-0.1249,0.89828,-0.73,1.12,0.12,0.01292,-0.2215,0.02766,0.97468,-0.74,1.12,0.16,0.40875,-0.19505,0.08906,0.8871,-0.75,1.1,0.17,0.53402,-0.15233,0.11083,0.82422,-0.75,1.08,0.18,0.53402,-0.15233,0.11083,0.82422,-0.69,1.08,0.09,-0.38365,-0.17408,-0.1249,0.89828,-0.7,1.12,0.13,-0.06617,-0.20499,-0.07049,0.97398,-0.72,1.13,0.17,0.37496,-0.21689,0.01516,0.90119,-0.73,1.11,0.18,0.58407,-0.19142,0.00226,0.78881,-0.74,1.09,0.19,0.58407,-0.19142,0.00226,0.78881,-0.68,1.08,0.1,-0.38365,-0.17408,-0.1249,0.89828,-0.69,1.11,0.13,-0.15861,-0.17541,-0.15763,0.95876,-0.7,1.13,0.17,0.38669,-0.25393,-0.07607,0.88329,-0.71,1.11,0.18,0.65388,-0.28298,-0.01846,0.70145,-0.72,1.09,0.18,0.65388,-0.28298,-0.01846,0.70145,-0.67,1.07,0.1,-0.30137,-0.12416,-0.35754,0.87517,-0.67,1.1,0.14,-0.30222,-0.11276,-0.26995,0.90724,-0.67,1.12,0.16,0.3289,-0.27041,-0.22285,0.87695,-0.69,1.11,0.18,0.63105,-0.37538,-0.11398,0.66923,-0.7,1.09,0.18,0.63105,-0.37538,-0.11398,0.66923,-0.81,1.08,0.19
-0.8,1.44,-0.15,-0.8,1.44,-0.15,-0.85,1.09,0.11,0.31813,-0.05672,-0.12167,-0.93849,-0.86,1.06,0.06,0.31813,-0.05672,-0.12167,-0.93849,-0.83,1.07,0.09,0.41259,-0.17166,0.53984,-0.71336,-0.8,1.08,0.11,0.18431,-0.00272,0.48993,-0.85205,-0.8,1.09,0.14,0.09478,0.00152,0.56503,-0.81961,-0.79,1.1,0.16,0.09478,0.00152,0.56503,-0.81961,-0.84,1.08,0.09,0.31813,-0.05672,-0.12167,-0.93849,-0.83,1.11,0.13,0.03621,-0.0984,-0.04964,-0.99325,-0.82,1.12,0.17,-0.32631,-0.11315,-0.03657,-0.93775,-0.82,1.1,0.19,-0.48066,-0.09055,-0.02568,-0.87184,-0.82,1.08,0.2,-0.48066,-0.09055,-0.02568,-0.87184,-0.85,1.07,0.09,0.31813,-0.05672,-0.12167,-0.93849,-0.85,1.11,0.13,0.09303,-0.06895,-0.12218,-0.98573,-0.85,1.12,0.18,-0.27443,-0.11006,-0.10116,-0.94992,-0.84,1.11,0.2,-0.44037,-0.11596,-0.13923,-0.87934,-0.83,1.09,0.21,-0.44037,-0.11596,-0.13923,-0.87934,-0.87,1.07,0.09,0.31813,-0.05672,-0.12167,-0.93849,-0.87,1.1,0.13,0.16959,-0.03921,-0.18439,-0.96732,-0.87,1.12,0.17,-0.24175,-0.12894,-0.18961,-0.94286,-0.86,1.1,0.19,-0.4547,-0.19424,-0.17541,-0.85132,-0.85,1.09,0.21,-0.4547,-0.19424,-0.17541,-0.85132,-0.88,1.07,0.1,0.26196,0.00871,-0.3557,-0.8971,-0.89,1.09,0.13,0.18944,-0.02816,-0.26373,-0.94539,-0.89,1.1,0.16,-0.22844,-0.12736,-0.29945,-0.91756,-0.88,1.09,0.18,-0.42253,-0.23793,-0.27037,-0.83172,-0.87,1.08,0.19,-0.42253,-0.23793,-0.27037,-0.83172,-0.7,1.1,0.11,-0.39553,-0.15613,-0.12117,0.89694,-0.68,1.06,0.07,-0.39553,-0.15613,-0.12117,0.89694,-0.72,1.07,0.09,-0.47227,-0.13865,0.58233,0.64702,-0.74,1.09,0.11,-0.29884,0.01147,0.52173,0.79897,-0.75,1.1,0.14,-0.21585,0.02518,0.59827,0.77126,-0.76,1.11,0.16,-0.21585,0.02518,0.59827,0.77126,-0.71,1.08,0.09,-0.39553,-0.15613,-0.12117,0.89694,-0.72,1.12,0.12,0.00478,-0.1951,0.0159,0.98064,-0.74,1.12,0.16,0.41947,-0.17456,0.07086,0.88801,-0.74,1.1,0.17,0.54762,-0.13423,0.09061,0.82091,-0.74,1.08,0.18,0.54762,-0.13423,0.09061,0.82091,-0.69,1.08,0.09,-0.39553,-0.15613,-0.12117,0.89694,-0.7,1.12,0.13,-0.07039,-0.18675,-0.07204,0.97723,-0.72,1.13,0.17,0.37145,-0.20128,0.00543,0.90635,-0.73,1.11,0.18,0.57724,-0.17895,-0.01148,0.79664,-0.73,1.09,0.19,0.57724,-0.17895,-0.01148,0.79664,-0.68,1.08,0.1,-0.39553,-0.15613,-0.12117,0.89694,-0.68,1.11,0.13,-0.16682,-0.15928,-0.15725,0.96025,-0.69,1.13,0.17,0.37618,-0.24019,-0.08528,0.8908,-0.71,1.11,0.18,0.64023,-0.27351,-0.03311,0.71708,-0.72,1.09,0.19,0.64023,-0.27351,-0.03311,0.71708,-0.67,1.07,0.1,-0.31714,-0.10937,-0.35565,0.87234,-0.67,1.1,0.14,-0.31165,-0.09966,-0.2675,0.9063,-0.67,1.12,0.16,0.32148,-0.25982,-0.22853,0.88143,-0.68,1.11,0.18,0.62297,-0.36762,-0.12428,0.6792,-0.7,1.09,0.18,0.62297,-0.36762,-0.12428,0.6792,-0.81,1.08,0.19
-0.8,1.44,-0.15,-0.8,1.44,-0.15,-0.85,1.09,0.11,0.31584,-0.05705,-0.11428,-0.94017,-0.86,1.06,0.06,0.31584,-0.05705,-0.11428,-0.94017,-0.82,1.07,0.09,0.411,-0.17391,0.54336,-0.71105,-0.8,1.09,0.11,0.18098,-0.00227,0.49439,-0.85019,-0.8,1.1,0.14,0.09028,0.00284,0.569,-0.81736,-0.79,1.1,0.16,0.09028,0.00284,0.569,-0.81736,-0.84,1.08,0.09,0.31584,-0.05705,-0.11428,-0.94017,-0.83,1.11,0.13,0.06703,-0.09161,-0.04897,-0.99233,-0.82,1.12,0.17,-0.28497,-0.10687,-0.03966,-0.95173,-0.82,1.11,0.19,-0.44195,-0.08526,-0.031,-0.89244,-0.82,1.09,0.2,-0.44195,-0.08526,-0.031,-0.89244,-0.85,1.07,0.09,0.31584,-0.05705,-0.11428,-0.94017,-0.85,1.11,0.13,0.1019,-0.06431,-0.11675,-0.98582,-0.85,1.12,0.17,-0.2543,-0.10265,-0.09906,-0.95655,-0.84,1.11,0.2,-0.41017,-0.10835,-0.13898,-0.89482,-0.83,1.09,0.21,-0.41017,-0.10835,-0.13898,-0.89482,-0.87,1.07,0.09,0.31584,-0.05705,-0.11428,-0.94017,-0.87,1.1,0.13,0.1772,-0.03535,-0.17795,-0.96731,-0.87,1.12,0.17,-0.21937,-0.12018,-0.18686,-0.95001,-0.86,1.11,0.19,-0.42228,-0.18365,-0.17594,-0.87006,-0.85,1.09,0.21,-0.42228,-0.18365,-0.17594,-0.87006,-0.88,1.07,0.09,0.26068,0.00924,-0.34856,-0.90026,-0.89,1.09,0.13,0.19416,-0.02532,-0.25635,-0.94654,-0.89,1.1,0.16,-0.20832,-0.11714,-0.29547,-0.92498,-0.88,1.09,0.18,-0.39052,-0.22317,-0.27107,-0.85101,-0.87,1.08,0.19,-0.39052,-0.22317,-0.27107,-0.85101,-0.7,1.1,0.12,-0.39642,-0.13736,-0.10573,0.90156,-0.68,1.05,0.07,-0.39642,-0.13736,-0.10573,0.90156,-0.72,1.07,0.1,-0.46283,-0.12912,0.59214,0.64691,-0.74,1.08,0.11,-0.286,0.0274,0.52927,0.79833,-0.75,1.1,0.14,-0.19522,0.04523,0.6031,0.77208,-0.76,1.11,0.16,-0.19522,0.04523,0.6031,0.77208,-0.71,1.07,0.1,-0.39642,-0.13736,-0.10573,0.90156,-0.72,1.12,0.13,0.015,-0.1673,0.01933,0.9856,-0.73,1.12,0.16,0.45925,-0.14554,0.06708,0.87373,-0.74,1.1,0.18,0.59293,-0.10499,0.08505,0.79384,-0.74,1.08,0.18,0.59293,-0.10499,0.08505,0.79384,-0.69,1.07,0.1,-0.39642,-0.13736,-0.10573,0.90156,-0.7,1.12,0.13,-0.07192,-0.16407,-0.06388,0.98175,-0.71,1.13,0.17,0.35156,-0.1774,-0.00121,0.91921,-0.72,1.11,0.19,0.54217,-0.1592,-0.02555,0.82466,-0.73,1.09,0.2,0.54217,-0.1592,-0.02555,0.82466,-0.68,1.07,0.1,-0.39642,-0.13736,-0.10573,0.90156,-0.68,1.11,0.14,-0.1785,-0.13778,-0.14707,0.96308,-0.69,1.13,0.17,0.34687,-0.2153,-0.09247,0.90817,-0.7,1.11,0.19,0.60193,-0.25321,-0.05117,0.75561,-0.71,1.09,0.19,0.60193,-0.25321,-0.05117,0.75561,-0.67,1.07,0.11,-0.32397,-0.09045,-0.34213,0.87739,-0.67,1.1,0.14,-0.32084,-0.08222,-0.25281,0.90906,-0.67,1.12,0.16,0.30993,-0.23682,-0.22896,0.89187,-0.68,1.11,0.18,0.60746,-0.34568,-0.13684,0.70198,-0.69,1.09,0.18,0.60746,-0.34568,-0.13684,0.70198,-0.81,1.08,0.19
-0.8,1.44,-0.15,-0.8,1.44,-0.15,-0.85,1.09,0.11,0.31449,-0.05763,-0.11684,-0.94028,-0.86,1.06,0.06,0.31449,-0.05763,-0.11684,-0.94028,-0.82,1.07,0.09,0.41285,-0.17496,0.53945,-0.7127,-0.8,1.09,0.11,0.1784,-0.00242,0.49104,-0.85267,-0.8,1.1,0.14,0.08366,0.00487,0.56539,-0.82055,-0.79,1.1,0.16,0.08366,0.00487,0.56539,-0.82055,-0.83,1.08,0.09,0.31449,-0.05763,-0.11684,-0.94028,-0.83,1.11,0.13,0.08456,-0.08711,-0.05642,-0.991,-0.82,1.12,0.17,-0.26857,-0.10573,-0.04807,-0.95623,-0.82,1.11,0.19,-0.42854,-0.0858,-0.03971,-0.89856,-0.81,1.09,0.2,-0.42854,-0.0858,-0.03971,-0.89856,-0.85,1.07,0.09,0.31449,-0.05763,-0.11684,-0.94028,-0.85,1.11,0.13,0.09437,-0.06479,-0.1194,-0.98623,-0.85,1.12,0.17,-0.26594,-0.10441,-0.10089,-0.95299,-0.84,1.11,0.2,-0.4244,-0.11003,-0.14028,-0.88775,-0.83,1.09,0.21,-0.4244,-0.11003,-0.14028,-0.88775,-0.87,1.07,0.09,0.31449,-0.05763,-0.11684,-0.94028,-0.87,1.1,0.13,0.17265,-0.03564,-0.18065,-0.96762,-0.87,1.12,0.17,-0.22486,-0.12156,-0.18916,-0.94809,-0.86,1.11,0.19,-0.42827,-0.18556,-0.17784,-0.86633,-0.85,1.09,0.21,-0.42827,-0.18556,-0.17784,-0.86633,-0.88,1.07,0.09,0.2589,0.00893,-0.35086,-0.89988,-0.88,1.09,0.13,0.19808,-0.02442,-0.25857,-0.94515,-0.89,1.1,0.16,-0.20063,-0.1164,-0.29814,-0.92591,-0.88,1.09,0.18,-0.38151,-0.2226,-0.27379,-0.85436,-0.87,1.08,0.19,-0.38151,-0.2226,-0.27379,-0.85436,-0.7,1.09,0.12,-0.38941,-0.15139,-0.10657,0.90227,-0.69,1.05,0.07,-0.38941,-0.15139,-0.10657,0.90227,-0.72,1.07,0.1,-0.47454,-0.14416,0.58137,0.64501,-0.75,1.08,0.11,-0.29707,0.00836,0.52256,0.79913,-0.76,1.1,0.14,-0.20875,0.02617,0.59857,0.77295,-0.76,1.11,0.16,-0.20875,0.02617,0.59857,0.77295,-0.71,1.07,0.1,-0.38941,-0.15139,-0.10657,0.90227,-0.73,1.12,0.13,0.00865,-0.18126,0.02203,0.98315,-0.74,1.12,0.16,0.45414,-0.15684,0.07608,0.87371,-0.74,1.1,0.18,0.59175,-0.11439,0.09625,0.79213,-0.75,1.08,0.18,0.59175,-0.11439,0.09625,0.79213,-0.7,1.07,0.1,-0.38941,-0.15139,-0.10657,0.90227,-0.71,1.12,0.13,-0.07147,-0.17938,-0.05924,0.97939,-0.72,1.13,0.17,0.3241,-0.18952,0.00399,0.92683,-0.73,1.11,0.19,0.49313,-0.17262,-0.02081,0.8524,-0.74,1.09,0.2,0.49313,-0.17262,-0.02081,0.8524,-0.68,1.07,0.1,-0.38941,-0.15139,-0.10657,0.90227,-0.69,1.11,0.14,-0.17917,-0.15288,-0.14409,0.96113,-0.7,1.12,0.17,0.32527,-0.22495,-0.08669,0.91437,-0.71,1.11,0.19,0.56456,-0.26126,-0.0471,0.78154,-0.72,1.09,0.2,0.56456,-0.26126,-0.0471,0.78154,-0.67,1.07,0.11,-0.31414,-0.1025,-0.34185,0.87974,-0.67,1.1,0.14,-0.3217,-0.09351,-0.25241,0.90778,-0.67,1.11,0.17,0.3028,-0.24404,-0.22315,0.89384,-0.68,1.11,0.18,0.5871,-0.34819,-0.13486,0.71825,-0.7,1.09,0.18,0.5871,-0.34819,-0.13486,0.71825,-0.81,1.08,0.19
-0.8,1.44,-0.15,-0.8,1.44,-0.15,-0.85,1.09,0.11,0.28927,-0.06302,-0.11794,-0.94786,-0.86,1.06,0.06,0.28927,-0.06302,-0.11794,-0.94786,-0.82,1.07,0.09,0.40412,-0.19757,0.52787,-0.72042,-0.8,1.08,0.11,0.16251,-0.02467,0.48712,-0.85773,-0.79,1.09,0.14,0.06523,-0.01619,0.56254,-0.82403,-0.79,1.09,0.16,0.06523,-0.01619,0.56254,-0.82403,-0.83,1.08,0.09,0.28927,-0.06302,-0.11794,-0.94786,-0.83,1.11,0.13,0.08295,-0.08822,-0.06148,-0.99074,-0.82,1.12,0.17,-0.25058,-0.1074,-0.05465,-0.96057,-0.82,1.11,0.19,-0.40859,-0.08857,-0.04677,-0.9072,-0.81,1.09,0.2,-0.40859,-0.08857,-0.04677,-0.9072,-0.85,1.07,0.09,0.28927,-0.06302,-0.11794,-0.94786,-0.85,1.11,0.13,0.05489,-0.06951,-0.11878,-0.98896,-0.84,1.12,0.18,-0.3103,-0.10877,-0.09793,-0.93931,-0.84,1.1,0.2,-0.47177,-0.1117,-0.13595,-0.86399,-0.83,1.08,0.21,-0.47177,-0.1117,-0.13595,-0.86399,-0.87,1.07,0.09,0.28927,-0.06302,-0.11794,-0.94786,-0.87,1.1,0.13,0.14356,-0.03676,-0.18098,-0.97226,-0.87,1.11,0.17,-0.25513,-0.12191,-0.18933,-0.94032,-0.86,1.1,0.19,-0.45719,-0.18545,-0.17855,-0.8513,-0.85,1.08,0.21,-0.45719,-0.18545,-0.17855,-0.8513,-0.87,1.07,0.09,0.23307,0.00997,-0.34986,-0.90729,-0.88,1.08,0.13,0.19388,-0.01876,-0.25755,-0.94643,-0.88,1.1,0.16,-0.18617,-0.10476,-0.30073,-0.92948,-0.88,1.09,0.18,-0.35652,-0.20848,-0.28041,-0.86649,-0.87,1.08,0.19,-0.35652,-0.20848,-0.28041,-0.86649,-0.71,1.09,0.12,-0.34489,-0.19127,-0.13544,0.90891,-0.69,1.05,0.07,-0.34489,-0.19127,-0.13544,0.90891,-0.73,1.07,0.09,-0.49631,-0.21117,0.52437,0.65888,-0.75,1.08,0.11,-0.31304,-0.07653,0.48265,0.81437,-0.77,1.1,0.13,-0.24885,-0.07181,0.5671,0.78187,-0.78,1.1,0.15,-0.24885,-0.07181,0.5671,0.78187,-0.72,1.07,0.09,-0.34489,-0.19127,-0.13544,0.90891,-0.73,1.11,0.13,-0.15436,-0.22847,-0.04394,0.96023,-0.75,1.13,0.16,0.19747,-0.23554,0.01422,0.95149,-0.76,1.12,0.18,0.34298,-0.2051,0.03815,0.91589,-0.77,1.1,0.2,0.34298,-0.2051,0.03815,0.91589,-0.7,1.07,0.1,-0.34489,-0.19127,-0.13544,0.90891,-0.71,1.11,0.14,-0.10465,-0.22236,-0.08986,0.96516,-0.73,1.12,0.17,0.22502,-0.24055,-0.02316,0.94391,-0.74,1.11,0.19,0.35927,-0.23338,-0.04559,0.90243,-0.75,1.1,0.21,0.35927,-0.23338,-0.04559,0.90243,-0.68,1.07,0.1,-0.34489,-0.19127,-0.13544,0.90891,-0.69,1.1,0.14,-0.18698,-0.18487,-0.17414,0.94897,-0.71,1.12,0.17,0.24981,-0.26097,-0.11311,0.92558,-0.72,1.11,0.19,0.45316,-0.30325,-0.0725,0.83512,-0.73,1.09,0.2,0.45316,-0.30325,-0.0725,0.83512,-0.68,1.07,0.11,-0.25861,-0.13148,-0.36419,0.88498,-0.68,1.09,0.15,-0.34685,-0.10037,-0.28166,0.88898,-0.68,1.11,0.17,0.22162,-0.25627,-0.2533,0.90612,-0.69,1.11,0.18,0.48162,-0.36488,-0.16877,0.77873,-0.71,1.09,0.19,0.48162,-0.36488,-0.16877,0.77873,-0.81,1.08,0.19
-0.8,1.44,-0.15,-0.8,1.44,-0.15,-0.85,1.09,0.11,0.28398,-0.05877,-0.1318,-0.94791,-0.86,1.06,0.06,0.28398,-0.05877,-0.1318,-0.94791,-0.82,1.07,0.09,0.40656,-0.19723,0.51219,-0.73039,-0.8,1.09,0.11,0.15967,-0.02825,0.47143,-0.86687,-0.79,1.09,0.14,0.06177,-0.02112,0.54781,-0.83405,-0.79,1.1,0.16,0.06177,-0.02112,0.54781,-0.83405,-0.83,1.08,0.09,0.28398,-0.05877,-0.1318,-0.94791,-0.83,1.11,0.13,0.07523,-0.08871,-0.07503,-0.99037,-0.82,1.12,0.17,-0.23018,-0.11014,-0.07052,-0.96432,-0.82,1.11,0.19,-0.37712,-0.09319,-0.06403,-0.91924,-0.81,1.09,0.21,-0.37712,-0.09319,-0.06403,-0.91924,-0.85,1.07,0.09,0.28398,-0.05877,-0.1318,-0.94791,-0.85,1.11,0.14,0.04814,-0.06833,-0.13323,-0.98755,-0.85,1.12,0.18,-0.31524,-0.11275,-0.11189,-0.93562,-0.84,1.1,0.2,-0.47712,-0.1178,-0.14878,-0.8581,-0.83,1.08,0.21,-0.47712,-0.1178,-0.14878,-0.8581,-0.87,1.07,0.09,0.28398,-0.05877,-0.1318,-0.94791,-0.87,1.1,0.14,0.15012,-0.03047,-0.19588,-0.96859,-0.87,1.11,0.17,-0.24862,-0.1226,-0.20512,-0.93866,-0.86,1.1,0.19,-0.44985,-0.18971,-0.19357,-0.85099,-0.85,1.08,0.21,-0.44985,-0.18971,-0.19357,-0.85099,-0.87,1.07,0.09,0.22688,0.01493,-0.36261,-0.90378,-0.88,1.08,0.13,0.21039,-0.00857,-0.27016,-0.93951,-0.89,1.1,0.16,-0.15757,-0.09799,-0.31679,-0.93017,-0.88,1.09,0.18,-0.32308,-0.20358,-0.29701,-0.87519,-0.87,1.08,0.2,-0.32308,-0.20358,-0.29701,-0.87519,-0.71,1.09,0.12,-0.32491,-0.19918,-0.1356,0.91454,-0.68,1.05,0.07,-0.32491,-0.19918,-0.1356,0.91454,-0.73,1.07,0.09,-0.4943,-0.23167,0.51147,0.66362,-0.75,1.08,0.1,-0.30911,-0.10012,0.47499,0.81781,-0.77,1.09,0.13,-0.26592,-0.10899,0.55986,0.77715,-0.78,1.1,0.15,-0.26592,-0.10899,0.55986,0.77715,-0.71,1.07,0.09,-0.32491,-0.19918,-0.1356,0.91454,-0.73,1.11,0.13,-0.15722,-0.23277,-0.0512,0.95837,-0.75,1.12,0.16,0.19458,-0.24217,0.00906,0.95048,-0.76,1.11,0.18,0.33795,-0.21257,0.03344,0.91624,-0.77,1.1,0.2,0.33795,-0.21257,0.03344,0.91624,-0.7,1.07,0.1,-0.32491,-0.19918,-0.1356,0.91454,-0.71,1.11,0.14,-0.08649,-0.23102,-0.08785,0.96511,-0.73,1.12,0.17,0.23368,-0.24764,-0.02062,0.94002,-0.74,1.11,0.19,0.35649,-0.23947,-0.04382,0.90202,-0.75,1.09,0.21,0.35649,-0.23947,-0.04382,0.90202,-0.68,1.07,0.1,-0.32491,-0.19918,-0.1356,0.91454,-0.7,1.1,0.14,-0.17623,-0.18978,-0.17445,0.95,-0.71,1.12,0.18,0.25265,-0.26423,-0.11339,0.92385,-0.72,1.11,0.19,0.44725,-0.30601,-0.07444,0.83713,-0.73,1.09,0.21,0.44725,-0.30601,-0.07444,0.83713,-0.68,1.07,0.11,-0.23751,-0.13421,-0.36256,0.89114,-0.68,1.09,0.15,-0.36158,-0.08606,-0.28346,0.88403,-0.68,1.11,0.17,0.19466,-0.24371,-0.26498,0.91241,-0.69,1.1,0.18,0.44548,-0.35444,-0.18723,0.80054,-0.7,1.09,0.19,0.44548,-0.35444,-0.18723,0.80054,-0.81,1.08,0.19
-0.8,1.44,-0.15,-0.8,1.44,-0.15,-0.85,1.09,0.11,0.28117,-0.04776,-0.15195,-0.94635,-0.86,1.06,0.06,0.28117,-0.04776,-0.15195,-0.94635,-0.82,1.08,0.09,0.40364,-0.188,0.49801,-0.74412,-0.8,1.09,0.11,0.15216,-0.02288,0.45421,-0.87751,-0.8,1.1,0.14,0.05353,-0.0182,0.5307,-0.84567,-0.79,1.1,0.16,0.05353,-0.0182,0.5307,-0.84567,-0.84,1.08,0.09,0.28117,-0.04776,-0.15195,-0.94635,-0.83,1.11,0.13,0.05724,-0.08523,-0.09471,-0.9902,-0.83,1.12,0.17,-0.23692,-0.11133,-0.09155,-0.96078,-0.82,1.11,0.19,-0.37673,-0.09681,-0.0853,-0.91729,-0.82,1.09,0.21,-0.37673,-0.09681,-0.0853,-0.91729,-0.85,1.07,0.09,0.28117,-0.04776,-0.15195,-0.94635,-0.85,1.11,0.14,0.04319,-0.06262,-0.15523,-0.98495,-0.85,1.12,0.18,-0.31586,-0.11494,-0.13478,-0.93212,-0.84,1.1,0.2,-0.47635,-0.12373,-0.17074,-0.8536,-0.83,1.08,0.21,-0.47635,-0.12373,-0.17074,-0.8536,-0.87,1.07,0.09,0.28117,-0.04776,-0.15195,-0.94635,-0.87,1.1,0.14,0.14961,-0.0213,-0.21705,-0.96439,-0.87,1.11,0.17,-0.24809,-0.1229,-0.22786,-0.9335,-0.86,1.1,0.19,-0.44798,-0.1951,-0.21548,-0.84547,-0.85,1.08,0.21,-0.44798,-0.1951,-0.21548,-0.84547,-0.88,1.07,0.09,0.22364,0.02559,-0.38161,-0.8965,-0.88,1.08,0.13,0.20544,-0.00028,-0.28998,-0.93472,-0.89,1.09,0.16,-0.16066,-0.09749,-0.33774,-0.92229,-0.88,1.09,0.18,-0.32528,-0.20746,-0.31745,-0.86625,-0.87,1.08,0.2,-0.32528,-0.20746,-0.31745,-0.86625,-0.7,1.09,0.12,-0.30696,-0.19885,-0.12367,0.92247,-0.68,1.05,0.07,-0.30696,-0.19885,-0.12367,0.92247,-0.72,1.07,0.09,-0.48133,-0.24389,0.51531,0.66581,-0.75,1.08,0.1,-0.30061,-0.11304,0.48116,0.81569,-0.77,1.09,0.13,-0.26497,-0.12693,0.56516,0.77089,-0.78,1.1,0.15,-0.26497,-0.12693,0.56516,0.77089,-0.71,1.07,0.09,-0.30696,-0.19885,-0.12367,0.92247,-0.73,1.11,0.13,-0.13841,-0.22794,-0.04158,0.96289,-0.75,1.12,0.16,0.22926,-0.23351,0.0201,0.94473,-0.76,1.11,0.18,0.37538,-0.20173,0.04505,0.90353,-0.77,1.09,0.2,0.37538,-0.20173,0.04505,0.90353,-0.7,1.07,0.1,-0.30696,-0.19885,-0.12367,0.92247,-0.71,1.11,0.14,-0.02392,-0.23074,-0.06606,0.97048,-0.73,1.11,0.17,0.29839,-0.23951,0.00084,0.92391,-0.74,1.1,0.19,0.42225,-0.22516,-0.02233,0.87779,-0.75,1.08,0.21,0.42225,-0.22516,-0.02233,0.87779,-0.68,1.07,0.1,-0.30696,-0.19885,-0.12367,0.92247,-0.69,1.1,0.14,-0.11467,-0.19133,-0.15441,0.9625,-0.71,1.11,0.18,0.3137,-0.25466,-0.09591,0.90969,-0.72,1.1,0.19,0.50775,-0.29167,-0.06005,0.8084,-0.73,1.08,0.2,0.50775,-0.29167,-0.06005,0.8084,-0.68,1.07,0.11,-0.22173,-0.12885,-0.35014,0.90091,-0.68,1.09,0.15,-0.34009,-0.07408,-0.27105,0.89743,-0.68,1.11,0.17,0.22329,-0.22625,-0.26109,0.91147,-0.69,1.1,0.18,0.47571,-0.33727,-0.18896,0.79009,-0.7,1.09,0.19,0.47571,-0.33727,-0.18896,0.79009,-0.81,1.08,0.19
-0.8,1.44,-0.15,-0.8,1.44,-0.15,-0.85,1.09,0.11,0.29947,-0.04917,-0.16081,-0.93917,-0.86,1.06,0.06,0.29947,-0.04917,-0.16081,-0.93917,-0.82,1.08,0.09,0.4182,-0.17678,0.49564,-0.7404,-0.8,1.09,0.11,0.16633,-0.01352,0.44828,-0.87818,-0.8,1.1,0.14,0.06805,-0.00891,0.5249,-0.84839,-0.79,1.1,0.16,0.06805,-0.00891,0.5249,-0.84839,-0.84,1.08,0.09,0.29947,-0.04917,-0.16081,-0.93917,-0.83,1.12,0.13,0.0522,-0.09205,-0.09899,-0.98945,-0.83,1.12,0.17,-0.24833,-0.11962,-0.09279,-0.95677,-0.82,1.11,0.19,-0.3867,-0.10499,-0.08513,-0.91225,-0.82,1.1,0.2,-0.3867,-0.10499,-0.08513,-0.91225,-0.85,1.08,0.09,0.29947,-0.04917,-0.16081,-0.93917,-0.86,1.11,0.13,0.0642,-0.06669,-0.16373,-0.98215,-0.85,1.12,0.18,-0.29487,-0.12201,-0.14126,-0.93713,-0.84,1.11,0.2,-0.45603,-0.13294,-0.17611,-0.86218,-0.83,1.09,0.21,-0.45603,-0.13294,-0.17611,-0.86218,-0.87,1.07,0.09,0.29947,-0.04917,-0.16081,-0.93917,-0.87,1.1,0.13,0.16703,-0.02647,-0.226,-0.95933,-0.87,1.11,0.17,-0.23267,-0.13247,-0.2333,-0.93482,-0.86,1.1,0.19,-0.43389,-0.20605,-0.21807,-0.84955,-0.85,1.09,0.21,-0.43389,-0.20605,-0.21807,-0.84955,-0.88,1.07,0.09,0.23995,0.01926,-0.39124,-0.88825,-0.89,1.09,0.13,0.21064,-0.01256,-0.2991,-0.9306,-0.89,1.1,0.16,-0.15893,-0.11397,-0.34125,-0.9194,-0.88,1.09,0.18,-0.32581,-0.22519,-0.31688,-0.86182,-0.87,1.08,0.19,-0.32581,-0.22519,-0.31688,-0.86182,-0.7,1.09,0.11,-0.33307,-0.1962,-0.11625,0.91491,-0.68,1.05,0.07,-0.33307,-0.1962,-0.11625,0.91491,-0.72,1.07,0.09,-0.49669,-0.22575,0.52422,0.65386,-0.75,1.08,0.1,-0.32171,-0.09603,0.48515,0.80741,-0.76,1.09,0.13,-0.28237,-0.10623,0.5695,0.76462,-0.78,1.1,0.15,-0.28237,-0.10623,0.5695,0.76462,-0.71,1.07,0.09,-0.33307,-0.1962,-0.11625,0.91491,-0.73,1.11,0.13,-0.12589,-0.22686,-0.02216,0.9655,-0.75,1.12,0.16,0.27896,-0.22343,0.04661,0.93278,-0.76,1.11,0.18,0.43766,-0.18597,0.07474,0.87652,-0.76,1.09,0.19,0.43766,-0.18597,0.07474,0.87652,-0.7,1.07,0.09,-0.33307,-0.1962,-0.11625,0.91491,-0.71,1.11,0.13,-0.02533,-0.22802,-0.0532,0.97187,-0.73,1.12,0.17,0.29721,-0.23275,0.01201,0.92593,-0.74,1.1,0.19,0.42742,-0.21696,-0.01126,0.87756,-0.75,1.08,0.2,0.42742,-0.21696,-0.01126,0.87756,-0.68,1.07,0.1,-0.33307,-0.1962,-0.11625,0.91491,-0.69,1.11,0.14,-0.11512,-0.19072,-0.14431,0.96413,-0.71,1.12,0.17,0.3107,-0.24954,-0.08795,0.91294,-0.72,1.1,0.19,0.51523,-0.28521,-0.05083,0.8066,-0.73,1.08,0.2,0.51523,-0.28521,-0.05083,0.8066,-0.67,1.07,0.11,-0.24874,-0.13261,-0.34511,0.89523,-0.68,1.09,0.14,-0.3593,-0.06454,-0.26843,0.89145,-0.67,1.11,0.17,0.21239,-0.22103,-0.2622,0.91503,-0.68,1.11,0.18,0.4748,-0.33454,-0.18798,0.79203,-0.7,1.09,0.19,0.4748,-0.33454,-0.18798,0.79203,-0.81,1.08,0.19
-0.8,1.44,-0.15,-0.8,1.44,-0.15,-0.85,1.09,0.11,0.31303,-0.05959,-0.15228,-0.93556,-0.86,1.06,0.06,0.31303,-0.05959,-0.15228,-0.93556,-0.82,1.07,0.09,0.42922,-0.17626,0.50498,-0.7278,-0.8,1.09,0.1,0.17973,-0.01069,0.45762,-0.87073,-0.8,1.1,0.14,0.08174,-0.00416,0.53407,-0.84147,-0.79,1.1,0.16,0.08174,-0.00416,0.53407,-0.84147,-0.84,1.08,0.09,0.31303,-0.05959,-0.15228,-0.93556,-0.83,1.12,0.13,0.04292,-0.10088,-0.08514,-0.99032,-0.82,1.12,0.17,-0.28785,-0.12605,-0.07295,-0.94654,-0.82,1.11,0.19,-0.42752,-0.10837,-0.06297,-0.89527,-0.81,1.09,0.2,-0.42752,-0.10837,-0.06297,-0.89527,-0.85,1.07,0.09,0.31303,-0.05959,-0.15228,-0.93556,-0.85,1.11,0.13,0.07798,-0.0757,-0.1529,-0.98225,-0.85,1.12,0.17,-0.2886,-0.12755,-0.12706,-0.94037,-0.84,1.11,0.2,-0.45075,-0.13636,-0.16135,-0.86729,-0.83,1.09,0.21,-0.45075,-0.13636,-0.16135,-0.86729,-0.87,1.07,0.09,0.31303,-0.05959,-0.15228,-0.93556,-0.87,1.1,0.13,0.17139,-0.04106,-0.21557,-0.96045,-0.87,1.12,0.17,-0.23572,-0.14311,-0.21712,-0.93638,-0.86,1.11,0.19,-0.43939,-0.21303,-0.19975,-0.8495,-0.85,1.09,0.21,-0.43939,-0.21303,-0.19975,-0.8495,-0.88,1.07,0.09,0.25219,0.00602,-0.38395,-0.88823,-0.88,1.09,0.13,0.19861,-0.03759,-0.28956,-0.93557,-0.89,1.1,0.16,-0.18282,-0.13584,-0.32222,-0.91886,-0.88,1.09,0.18,-0.35466,-0.24423,-0.29385,-0.85336,-0.87,1.08,0.19,-0.35466,-0.24423,-0.29385,-0.85336,-0.7,1.09,0.12,-0.29975,-0.19651,-0.10388,0.92776,-0.68,1.05,0.07,-0.29975,-0.19651,-0.10388,0.92776,-0.72,1.06,0.09,-0.47005,-0.25343,0.52949,0.65914,-0.75,1.07,0.1,-0.29782,-0.12229,0.49686,0.8059,-0.77,1.09,0.13,-0.25917,-0.13329,0.58026,0.7605,-0.78,1.09,0.15,-0.25917,-0.13329,0.58026,0.7605,-0.71,1.07,0.09,-0.29975,-0.19651,-0.10388,0.92776,-0.73,1.11,0.13,0.00039,-0.24977,0.03101,0.96781,-0.75,1.11,0.16,0.40963,-0.21818,0.1073,0.87925,-0.76,1.09,0.18,0.56113,-0.16851,0.13877,0.79842,-0.76,1.07,0.18,0.56113,-0.16851,0.13877,0.79842,-0.7,1.07,0.1,-0.29975,-0.19651,-0.10388,0.92776,-0.71,1.11,0.14,-0.04278,-0.22241,-0.05354,0.97254,-0.73,1.11,0.18,0.26793,-0.2279,0.00671,0.93607,-0.74,1.1,0.2,0.40036,-0.21452,-0.01742,0.89072,-0.75,1.08,0.21,0.40036,-0.21452,-0.01742,0.89072,-0.68,1.07,0.1,-0.29975,-0.19651,-0.10388,0.92776,-0.69,1.1,0.14,-0.14725,-0.17384,-0.14549,0.96277,-0.71,1.11,0.18,0.27292,-0.23534,-0.09747,0.9277,-0.72,1.1,0.2,0.48279,-0.27468,-0.06215,0.82922,-0.73,1.08,0.21,0.48279,-0.27468,-0.06215,0.82922,-0.67,1.07,0.11,-0.21791,-0.12399,-0.33111,0.90967,-0.68,1.09,0.15,-0.33957,-0.03991,-0.25378,0.90482,-0.67,1.11,0.17,0.23364,-0.19066,-0.26482,0.91593,-0.68,1.1,0.18,0.4969,-0.307,-0.20035,0.78657,-0.7,1.09,0.19,0.4969,-0.307,-0.20035,0.78657,-0.81,1.08,0.19
-0.8,1.44,-0.15,-0.8,1.44,-0.15,-0.85,1.09,0.11,0.3226,-0.06585,-0.14351,-0.93327,-0.86,1.06,0.06,0.3226,-0.06585,-0.14351,-0.93327,-0.82,1.07,0.09,0.43612,-0.17438,0.51327,-0.71829,-0.8,1.09,0.1,0.19015,-0.00743,0.46529,-0.86446,-0.8,1.1,0.13,0.09098,0.00149,0.54138,-0.83584,-0.79,1.1,0.16,0.09098,0.00149,0.54138,-0.83584,-0.84,1.07,0.09,0.3226,-0.06585,-0.14351,-0.93327,-0.83,1.11,0.13,0.04049,-0.10322,-0.07435,-0.99105,-0.82,1.12,0.17,-0.32377,-0.12678,-0.0575,-0.93584,-0.82,1.1,0.18,-0.47048,-0.10706,-0.04523,-0.87473,-0.81,1.09,0.2,-0.47048,-0.10706,-0.04523,-0.87473,-0.85,1.07,0.09,0.3226,-0.06585,-0.14351,-0.93327,-0.85,1.11,0.13,0.08244,-0.08129,-0.14226,-0.98304,-0.85,1.12,0.17,-0.29907,-0.13063,-0.11318,-0.93845,-0.84,1.11,0.19,-0.4646,-0.1368,-0.14692,-0.86246,-0.83,1.09,0.21,-0.4646,-0.1368,-0.14692,-0.86246,-0.87,1.07,0.09,0.3226,-0.06585,-0.14351,-0.93327,-0.87,1.1,0.13,0.16903,-0.05209,-0.2046,-0.96273,-0.87,1.11,0.17,-0.24985,-0.15081,-0.2013,-0.93505,-0.86,1.1,0.19,-0.45803,-0.21743,-0.18217,-0.84246,-0.85,1.09,0.2,-0.45803,-0.21743,-0.18217,-0.84246,-0.88,1.06,0.09,0.26143,-0.00218,-0.37621,-0.88888,-0.88,1.08,0.13,0.19896,-0.05111,-0.27946,-0.93793,-0.88,1.1,0.16,-0.19876,-0.14915,-0.30627,-0.91894,-0.88,1.09,0.18,-0.3808,-0.25688,-0.27379,-0.84501,-0.86,1.08,0.19,-0.3808,-0.25688,-0.27379,-0.84501,-0.7,1.09,0.12,-0.27596,-0.19032,-0.11236,0.93542,-0.68,1.05,0.07,-0.27596,-0.19032,-0.11236,0.93542,-0.72,1.06,0.09,-0.45335,-0.26585,0.51912,0.67403,-0.75,1.07,0.1,-0.28265,-0.13857,0.48801,0.8141,-0.77,1.08,0.13,-0.25001,-0.15441,0.57113,0.76647,-0.78,1.09,0.15,-0.25001,-0.15441,0.57113,0.76647,-0.71,1.07,0.09,-0.27596,-0.19032,-0.11236,0.93542,-0.73,1.1,0.13,0.0424,-0.26428,0.03711,0.9628,-0.75,1.1,0.17,0.46036,-0.22574,0.12264,0.84975,-0.76,1.08,0.18,0.61194,-0.17177,0.15846,0.75559,-0.76,1.06,0.18,0.61194,-0.17177,0.15846,0.75559,-0.7,1.07,0.1,-0.27596,-0.19032,-0.11236,0.93542,-0.71,1.11,0.14,-0.03762,-0.21785,-0.06766,0.97291,-0.73,1.11,0.18,0.29818,-0.22807,-0.00199,0.92686,-0.74,1.09,0.2,0.44689,-0.21371,-0.02308,0.86838,-0.75,1.08,0.21,0.44689,-0.21371,-0.02308,0.86838,-0.68,1.07,0.1,-0.27596,-0.19032,-0.11236,0.93542,-0.69,1.1,0.15,-0.12666,-0.16535,-0.15503,0.9657,-0.7,1.11,0.18,0.31022,-0.23276,-0.10594,0.91562,-0.72,1.09,0.2,0.52582,-0.27358,-0.06936,0.80241,-0.73,1.08,0.21,0.52582,-0.27358,-0.06936,0.80241,-0.67,1.06,0.11,-0.19484,-0.11215,-0.33768,0.91402,-0.68,1.08,0.15,-0.30985,-0.02188,-0.25847,0.91472,-0.67,1.1,0.17,0.25731,-0.17442,-0.27992,0.9083,-0.68,1.09,0.19,0.51653,-0.2961,-0.2208,0.7725,-0.7,1.08,0.19,0.51653,-0.2961,-0.2208,0.7725,-0.81,1.08,0.19
-0.8,1.44,-0.15,-0.8,1.44,-0.15,-0.85,1.09,0.11,0.32927,-0.06497,-0.13856,-0.93175,-0.86,1.05,0.06,0.32927,-0.06497,-0.13856,-0.93175,-0.82,1.07,0.09,0.43917,-0.16838,0.5181,-0.71439,-0.8,1.08,0.11,0.19456,-0.00043,0.46815,-0.86196,-0.8,1.1,0.14,0.09036,0.01206,0.54322,-0.83463,-0.79,1.1,0.16,0.09036,0.01206,0.54322,-0.83463,-0.84,1.07,0.09,0.32927,-0.06497,-0.13856,-0.93175,-0.83,1.11,0.13,0.04365,-0.09753,-0.07164,-0.99169,-0.82,1.12,0.17,-0.3422,-0.12187,-0.05424,-0.93011,-0.82,1.1,0.18,-0.49813,-0.10215,-0.04079,-0.8601,-0.81,1.08,0.2,-0.49813,-0.10215,-0.04079,-0.8601,-0.85,1.07,0.09,0.32927,-0.06497,-0.13856,-0.93175,-0.85,1.11,0.13,0.08426,-0.08086,-0.13689,-0.98368,-0.85,1.12,0.17,-0.3097,-0.12959,-0.10676,-0.93589,-0.84,1.1,0.19,-0.48193,-0.13479,-0.14028,-0.85434,-0.83,1.09,0.21,-0.48193,-0.13479,-0.14028,-0.85434,-0.87,1.07,0.09,0.32927,-0.06497,-0.13856,-0.93175,-0.87,1.1,0.13,0.17075,-0.0549,-0.19852,-0.96355,-0.87,1.11,0.17,-0.25902,-0.15293,-0.1932,-0.93391,-0.86,1.1,0.19,-0.47431,-0.21861,-0.17273,-0.83511,-0.85,1.09,0.2,-0.47431,-0.21861,-0.17273,-0.83511,-0.88,1.06,0.09,0.26879,-0.00284,-0.37206,-0.88843,-0.88,1.08,0.13,0.20378,-0.0557,-0.27346,-0.9384,-0.88,1.1,0.16,-0.20723,-0.15522,-0.2976,-0.91891,-0.88,1.09,0.18,-0.40127,-0.26428,-0.2613,-0.83717,-0.86,1.08,0.19,-0.40127,-0.26428,-0.2613,-0.83717,-0.7,1.09,0.12,-0.2797,-0.18779,-0.12871,0.9327,-0.68,1.06,0.07,-0.2797,-0.18779,-0.12871,0.9327,-0.72,1.07,0.09,-0.46249,-0.2605,0.50302,0.68206,-0.75,1.08,0.1,-0.29468,-0.14083,0.46878,0.82072,-0.77,1.09,0.13,-0.26469,-0.15741,0.5531,0.7741,-0.78,1.1,0.15,-0.26469,-0.15741,0.5531,0.7741,-0.71,1.07,0.09,-0.2797,-0.18779,-0.12871,0.9327,-0.73,1.11,0.13,0.01743,-0.27817,0.02269,0.9601,-0.75,1.11,0.17,0.44549,-0.24395,0.11828,0.85325,-0.76,1.09,0.18,0.60716,-0.18896,0.15957,0.75511,-0.76,1.07,0.18,0.60716,-0.18896,0.15957,0.75511,-0.7,1.07,0.1,-0.2797,-0.18779,-0.12871,0.9327,-0.71,1.11,0.14,-0.03571,-0.22078,-0.08216,0.9712,-0.73,1.11,0.18,0.37445,-0.23608,0.00467,0.89668,-0.74,1.09,0.19,0.56923,-0.21337,-0.00568,0.79399,-0.75,1.07,0.2,0.56923,-0.21337,-0.00568,0.79399,-0.68,1.07,0.1,-0.2797,-0.18779,-0.12871,0.9327,-0.69,1.1,0.15,-0.07593,-0.17394,-0.16196,0.96837,-0.7,1.11,0.18,0.41355,-0.24735,-0.09493,0.87108,-0.72,1.09,0.19,0.64836,-0.28224,-0.0474,0.7055,-0.73,1.07,0.2,0.64836,-0.28224,-0.0474,0.7055,-0.67,1.07,0.11,-0.19674,-0.11115,-0.35352,0.90773,-0.68,1.08,0.15,-0.25495,-0.03459,-0.27584,0.92613,-0.67,1.1,0.17,0.31092,-0.19018,-0.28731,0.88578,-0.68,1.09,0.19,0.56909,-0.31486,-0.22192,0.72646,-0.7,1.08,0.19,0.56909,-0.31486,-0.22192,0.72646,-0.81,1.08,0.19
-0.8,1.44,-0.15,-0.8,1.44,-0.15,-0.85,1.09,0.11,0.33233,-0.0612,-0.13937,-0.9308,-0.86,1.05,0.06,0.33233,-0.0612,-0.13937,-0.9308,-0.82,1.07,0.09,0.43606,-0.16255,0.5218,-0.71496,-0.8,1.08,0.11,0.19134,0.00693,0.46991,-0.8617,-0.8,1.1,0.14,0.08185,0.02227,0.5436,-0.83505,-0.79,1.1,0.16,0.08185,0.02227,0.5436,-0.83505,-0.84,1.07,0.09,0.33233,-0.0612,-0.13937,-0.9308,-0.83,1.11,0.13,0.04677,-0.09086,-0.0757,-0.99188,-0.82,1.12,0.17,-0.34605,-0.1178,-0.05966,-0.92888,-0.82,1.1,0.19,-0.50597,-0.0993,-0.04614,-0.85557,-0.81,1.08,0.2,-0.50597,-0.0993,-0.04614,-0.85557,-0.85,1.07,0.09,0.33233,-0.0612,-0.13937,-0.9308,-0.85,1.11,0.13,0.0854,-0.07844,-0.13807,-0.98361,-0.85,1.12,0.17,-0.31385,-0.12845,-0.10809,-0.93451,-0.84,1.1,0.19,-0.4905,-0.13418,-0.14145,-0.84935,-0.83,1.09,0.21,-0.4905,-0.13418,-0.14145,-0.84935,-0.87,1.07,0.09,0.33233,-0.0612,-0.13937,-0.9308,-0.87,1.1,0.13,0.17256,-0.05398,-0.19892,-0.96319,-0.87,1.11,0.17,-0.26419,-0.15375,-0.19293,-0.93239,-0.86,1.1,0.19,-0.48424,-0.22005,-0.17143,-0.82928,-0.85,1.09,0.2,-0.48424,-0.22005,-0.17143,-0.82928,-0.88,1.06,0.1,0.27243,3e-05,-0.37315,-0.88687,-0.88,1.08,0.13,0.20877,-0.05576,-0.27345,-0.9373,-0.88,1.1,0.16,-0.2119,-0.15865,-0.2964,-0.91765,-0.88,1.09,0.18,-0.4165,-0.27038,-0.25657,-0.82921,-0.86,1.08,0.19,-0.4165,-0.27038,-0.25657,-0.82921,-0.7,1.1,0.12,-0.32092,-0.18952,-0.16225,0.91366,-0.68,1.06,0.07,-0.32092,-0.18952,-0.16225,0.91366,-0.72,1.07,0.09,-0.50691,-0.23125,0.47454,0.68145,-0.75,1.09,0.1,-0.3428,-0.1249,0.43145,0.82507,-0.76,1.1,0.12,-0.30778,-0.13496,0.51943,0.78565,-0.78,1.11,0.14,-0.30778,-0.13496,0.51943,0.78565,-0.71,1.08,0.09,-0.32092,-0.18952,-0.16225,0.91366,-0.73,1.12,0.13,-0.09459,-0.28681,-0.02654,0.95294,-0.75,1.13,0.16,0.34803,-0.27564,0.08057,0.89242,-0.76,1.11,0.17,0.53341,-0.22644,0.1299,0.80456,-0.76,1.09,0.18,0.53341,-0.22644,0.1299,0.80456,-0.7,1.08,0.09,-0.32092,-0.18952,-0.16225,0.91366,-0.71,1.12,0.14,-0.07227,-0.22915,-0.11371,0.96402,-0.72,1.13,0.17,0.38679,-0.25798,-0.00657,0.88532,-0.74,1.11,0.19,0.62616,-0.23317,-0.00201,0.74401,-0.75,1.09,0.19,0.62616,-0.23317,-0.00201,0.74401,-0.68,1.07,0.1,-0.32092,-0.18952,-0.16225,0.91366,-0.69,1.11,0.14,-0.06555,-0.19186,-0.18709,0.96119,-0.7,1.12,0.18,0.46896,-0.28,-0.09285,0.8325,-0.72,1.1,0.19,0.7329,-0.30909,-0.02008,0.60573,-0.73,1.08,0.18,0.7329,-0.30909,-0.02008,0.60573,-0.67,1.07,0.11,-0.23193,-0.12465,-0.38779,0.88334,-0.68,1.09,0.15,-0.24075,-0.06271,-0.31348,0.91643,-0.67,1.11,0.17,0.36072,-0.24652,-0.2924,0.85065,-0.69,1.1,0.18,0.64497,-0.37856,-0.18993,0.63611,-0.7,1.08,0.18,0.64497,-0.37856,-0.18993,0.63611,-0.81,1.08,0.19
-0.8,1.44,-0.15,-0.8,1.44,-0.15,-0.85,1.09,0.11,0.33176,-0.05826,-0.13335,-0.93207,-0.86,1.05,0.06,0.33176,-0.05826,-0.13335,-0.93207,-0.82,1.07,0.09,0.42352,-0.16075,0.53518,-0.713,-0.8,1.08,0.11,0.17931,0.01467,0.4827,-0.8571,-0.8,1.09,0.14,0.06688,0.03192,0.55427,-0.82903,-0.8,1.1,0.16,0.06688,0.03192,0.55427,-0.82903,-0.84,1.07,0.09,0.33176,-0.05826,-0.13335,-0.93207,-0.83,1.11,0.13,0.04555,-0.08423,-0.07216,-0.99279,-0.83,1.12,0.17,-0.34839,-0.11035,-0.05889,-0.92897,-0.82,1.1,0.19,-0.50937,-0.09188,-0.04647,-0.85436,-0.82,1.08,0.2,-0.50937,-0.09188,-0.04647,-0.85436,-0.85,1.07,0.09,0.33176,-0.05826,-0.13335,-0.93207,-0.85,1.11,0.13,0.08434,-0.07415,-0.13292,-0.98474,-0.85,1.12,0.17,-0.31701,-0.12265,-0.10486,-0.93459,-0.84,1.1,0.19,-0.49535,-0.12792,-0.1393,-0.84786,-0.83,1.08,0.21,-0.49535,-0.12792,-0.1393,-0.84786,-0.87,1.07,0.09,0.33176,-0.05826,-0.13335,-0.93207,-0.87,1.1,0.13,0.16899,-0.05132,-0.193,-0.96517,-0.87,1.11,0.17,-0.27467,-0.14992,-0.188,-0.93099,-0.86,1.1,0.19,-0.4991,-0.21567,-0.167,-0.8225,-0.85,1.08,0.2,-0.4991,-0.21567,-0.167,-0.8225,-0.88,1.06,0.1,0.27331,0.00329,-0.36756,-0.88893,-0.89,1.08,0.13,0.20396,-0.05479,-0.26746,-0.94014,-0.89,1.1,0.16,-0.22929,-0.15853,-0.28997,-0.91554,-0.88,1.09,0.18,-0.4449,-0.27186,-0.24791,-0.81652,-0.86,1.08,0.19,-0.4449,-0.27186,-0.24791,-0.81652,-0.7,1.1,0.11,-0.3308,-0.19069,-0.12464,0.91579,-0.68,1.06,0.07,-0.3308,-0.19069,-0.12464,0.91579,-0.72,1.07,0.09,-0.5122,-0.23875,0.49557,0.65959,-0.75,1.09,0.1,-0.35073,-0.12743,0.45564,0.80817,-0.77,1.1,0.12,-0.29952,-0.12516,0.54392,0.7738,-0.78,1.11,0.14,-0.29952,-0.12516,0.54392,0.7738,-0.71,1.08,0.09,-0.3308,-0.19069,-0.12464,0.91579,-0.73,1.12,0.13,-0.09627,-0.28084,0.01436,0.95481,-0.75,1.12,0.16,0.3161,-0.25589,0.10556,0.90745,-0.76,1.11,0.17,0.49832,-0.20308,0.14746,0.82988,-0.76,1.09,0.19,0.49832,-0.20308,0.14746,0.82988,-0.7,1.08,0.09,-0.3308,-0.19069,-0.12464,0.91579,-0.71,1.12,0.13,-0.19129,-0.20141,-0.10699,0.95467,-0.72,1.13,0.17,0.22578,-0.2308,-0.02566,0.9461,-0.74,1.12,0.19,0.46559,-0.22416,-0.03322,0.8555,-0.75,1.11,0.2,0.46559,-0.22416,-0.03322,0.8555,-0.68,1.07,0.1,-0.3308,-0.19069,-0.12464,0.91579,-0.69,1.11,0.14,-0.19906,-0.15422,-0.17863,0.95115,-0.7,1.13,0.17,0.31193,-0.245,-0.11303,0.91099,-0.71,1.11,0.19,0.59725,-0.28882,-0.05274,0.74639,-0.73,1.09,0.2,0.59725,-0.28882,-0.05274,0.74639,-0.67,1.07,0.11,-0.24649,-0.12685,-0.3532,0.89354,-0.68,1.09,0.14,-0.32062,-0.03801,-0.28015,0.90403,-0.67,1.11,0.17,0.26351,-0.20671,-0.28468,0.89821,-0.68,1.11,0.18,0.57413,-0.34088,-0.19349,0.71884,-0.7,1.09,0.19,0.57413,-0.34088,-0.19349,0.71884,-0.81,1.08,0.19
-0.8,1.44,-0.15,-0.8,1.44,-0.15,-0.85,1.09,0.11,0.33637,-0.06514,-0.12107,-0.93164,-0.86,1.05,0.06,0.33637,-0.06514,-0.12107,-0.93164,-0.82,1.07,0.09,0.42316,-0.16479,0.54809,-0.70241,-0.8,1.08,0.11,0.18285,0.01443,0.49701,-0.84814,-0.8,1.09,0.14,0.0723,0.03263,0.56816,-0.81909,-0.79,1.1,0.16,0.0723,0.03263,0.56816,-0.81909,-0.83,1.07,0.09,0.33637,-0.06514,-0.12107,-0.93164,-0.83,1.11,0.13,0.04734,-0.08614,-0.05877,-0.99342,-0.82,1.12,0.17,-0.35535,-0.10733,-0.04486,-0.92747,-0.82,1.1,0.18,-0.51759,-0.08645,-0.03277,-0.85062,-0.81,1.08,0.2,-0.51759,-0.08645,-0.03277,-0.85062,-0.85,1.07,0.09,0.33637,-0.06514,-0.12107,-0.93164,-0.85,1.11,0.13,0.07512,-0.07908,-0.11847,-0.98695,-0.85,1.12,0.17,-0.33839,-0.12241,-0.08813,-0.92884,-0.84,1.1,0.19,-0.52521,-0.12397,-0.12227,-0.83296,-0.83,1.08,0.2,-0.52521,-0.12397,-0.12227,-0.83296,-0.87,1.07,0.09,0.33637,-0.06514,-0.12107,-0.93164,-0.87,1.1,0.13,0.15466,-0.05956,-0.17891,-0.96981,-0.87,1.11,0.17,-0.30256,-0.15275,-0.17034,-0.92526,-0.86,1.1,0.19,-0.53641,-0.21477,-0.14785,-0.80267,-0.84,1.08,0.2,-0.53641,-0.21477,-0.14785,-0.80267,-0.88,1.06,0.1,0.27808,-0.00417,-0.35609,-0.8921,-0.88,1.09,0.13,0.19663,-0.06331,-0.25494,-0.94463,-0.88,1.1,0.16,-0.2567,-0.16548,-0.27276,-0.91232,-0.87,1.09,0.18,-0.4878,-0.27818,-0.22596,-0.796,-0.86,1.08,0.19,-0.4878,-0.27818,-0.22596,-0.796,-0.71,1.09,0.12,-0.30564,-0.19077,-0.06844,0.93033,-0.68,1.06,0.07,-0.30564,-0.19077,-0.06844,0.93033,-0.72,1.07,0.09,-0.47515,-0.26729,0.53994,0.64129,-0.75,1.08,0.1,-0.31733,-0.14179,0.50885,0.78757,-0.77,1.09,0.13,-0.26278,-0.13686,0.5941,0.74784,-0.78,1.09,0.15,-0.26278,-0.13686,0.5941,0.74784,-0.71,1.07,0.09,-0.30564,-0.19077,-0.06844,0.93033,-0.73,1.11,0.13,-0.01565,-0.27224,0.08676,0.95818,-0.75,1.11,0.16,0.38025,-0.21796,0.16476,0.88361,-0.76,1.09,0.18,0.54897,-0.15444,0.19824,0.79717,-0.76,1.07,0.19,0.54897,-0.15444,0.19824,0.79717,-0.7,1.07,0.1,-0.30564,-0.19077,-0.06844,0.93033,-0.71,1.11,0.14,-0.1398,-0.19577,-0.04535,0.96957,-0.73,1.12,0.17,0.23316,-0.2005,0.01826,0.95137,-0.74,1.11,0.2,0.4463,-0.18497,-0.00155,0.87556,-0.75,1.09,0.21,0.4463,-0.18497,-0.00155,0.87556,-0.68,1.07,0.1,-0.30564,-0.19077,-0.06844,0.93033,-0.69,1.1,0.14,-0.2133,-0.13982,-0.12801,0.95842,-0.7,1.12,0.18,0.26199,-0.20446,-0.08493,0.93933,-0.71,1.11,0.2,0.53737,-0.24313,-0.04371,0.80636,-0.72,1.09,0.2,0.53737,-0.24313,-0.04371,0.80636,-0.67,1.07,0.11,-0.22973,-0.11864,-0.29826,0.9188,-0.68,1.09,0.15,-0.34827,-0.01118,-0.22237,0.91057,-0.67,1.11,0.17,0.20613,-0.14452,-0.25794,0.93279,-0.68,1.1,0.19,0.52152,-0.27169,-0.19427,0.78515,-0.69,1.09,0.19,0.52152,-0.27169,-0.19427,0.78515,-0.81,1.08,0.19
-0.8,1.44,-0.15,-0.8,1.44,-0.15,-0.85,1.09,0.11,0.33578,-0.06939,-0.12573,-0.93093,-0.86,1.05,0.06,0.33578,-0.06939,-0.12573,-0.93093,-0.82,1.07,0.09,0.4259,-0.16815,0.54429,-0.70291,-0.8,1.08,0.11,0.18709,0.00853,0.49422,-0.84892,-0.8,1.09,0.14,0.0837,0.02225,0.567,-0.81915,-0.79,1.1,0.16,0.0837,0.02225,0.567,-0.81915,-0.83,1.07,0.09,0.33578,-0.06939,-0.12573,-0.93093,-0.83,1.11,0.13,0.04562,-0.09197,-0.06161,-0.99281,-0.82,1.12,0.17,-0.36192,-0.11401,-0.04449,-0.92414,-0.82,1.1,0.18,-0.52473,-0.09298,-0.03085,-0.84561,-0.81,1.08,0.19,-0.52473,-0.09298,-0.03085,-0.84561,-0.85,1.07,0.09,0.33578,-0.06939,-0.12573,-0.93093,-0.85,1.11,0.13,0.06504,-0.08541,-0.12107,-0.98682,-0.84,1.12,0.17,-0.35258,-0.12958,-0.08721,-0.92265,-0.84,1.1,0.19,-0.5439,-0.13031,-0.11932,-0.82034,-0.83,1.08,0.2,-0.5439,-0.13031,-0.11932,-0.82034,-0.87,1.07,0.09,0.33578,-0.06939,-0.12573,-0.93093,-0.87,1.1,0.13,0.14464,-0.06529,-0.18246,-0.97032,-0.87,1.11,0.17,-0.31582,-0.15974,-0.17046,-0.91961,-0.85,1.1,0.19,-0.55217,-0.22171,-0.14552,-0.79043,-0.84,1.08,0.2,-0.55217,-0.22171,-0.14552,-0.79043,-0.87,1.06,0.1,0.27599,-0.00834,-0.3603,-0.89103,-0.88,1.09,0.13,0.19303,-0.06393,-0.26065,-0.94378,-0.88,1.1,0.16,-0.26708,-0.17048,-0.27641,-0.90731,-0.87,1.09,0.18,-0.49815,-0.28427,-0.22794,-0.78681,-0.86,1.08,0.19,-0.49815,-0.28427,-0.22794,-0.78681,-0.7,1.09,0.12,-0.3233,-0.17565,-0.07714,0.92665,-0.68,1.06,0.07,-0.3233,-0.17565,-0.07714,0.92665,-0.72,1.07,0.09,-0.47991,-0.24109,0.54221,0.6462,-0.75,1.08,0.1,-0.323,-0.116,0.5044,0.79234,-0.77,1.09,0.13,-0.26534,-0.11047,0.58929,0.75507,-0.78,1.1,0.15,-0.26534,-0.11047,0.58929,0.75507,-0.71,1.07,0.09,-0.3233,-0.17565,-0.07714,0.92665,-0.73,1.11,0.13,-0.01592,-0.26334,0.0849,0.96083,-0.75,1.11,0.16,0.38385,-0.21004,0.16012,0.88482,-0.76,1.09,0.18,0.55335,-0.14738,0.19231,0.79693,-0.76,1.07,0.19,0.55335,-0.14738,0.19231,0.79693,-0.7,1.07,0.09,-0.3233,-0.17565,-0.07714,0.92665,-0.71,1.11,0.14,-0.10674,-0.1903,-0.04365,0.97493,-0.72,1.12,0.17,0.27151,-0.19426,0.0189,0.94244,-0.73,1.11,0.19,0.48136,-0.17621,-0.00205,0.85863,-0.74,1.09,0.21,0.48136,-0.17621,-0.00205,0.85863,-0.68,1.07,0.1,-0.3233,-0.17565,-0.07714,0.92665,-0.69,1.11,0.14,-0.21055,-0.13179,-0.13522,0.95917,-0.7,1.12,0.17,0.26225,-0.20042,-0.09551,0.93912,-0.71,1.11,0.19,0.53148,-0.2424,-0.05625,0.80969,-0.72,1.09,0.2,0.53148,-0.2424,-0.05625,0.80969,-0.67,1.07,0.1,-0.24881,-0.10833,-0.30868,0.91163,-0.67,1.09,0.14,-0.36796,0.01596,-0.23374,0.89984,-0.67,1.11,0.16,0.15107,-0.12072,-0.2843,0.93903,-0.67,1.11,0.18,0.44505,-0.25281,-0.23192,0.82718,-0.69,1.1,0.19,0.44505,-0.25281,-0.23192,0.82718,-0.81,1.08,0.19
-0.8,1.44,-0.15,-0.8,1.44,-0.15,-0.85,1.09,0.11,0.32616,-0.06539,-0.13647,-0.93313,-0.86,1.05,0.06,0.32616,-0.06539,-0.13647,-0.93313,-0.82,1.07,0.09,0.42423,-0.17584,0.53111,-0.71206,-0.8,1.08,0.11,0.19242,-0.00879,0.48274,-0.85432,-0.79,1.09,0.14,0.09785,-0.00069,0.5585,-0.82371,-0.79,1.1,0.16,0.09785,-0.00069,0.5585,-0.82371,-0.83,1.07,0.09,0.32616,-0.06539,-0.13647,-0.93313,-0.83,1.11,0.13,0.0361,-0.09395,-0.07151,-0.99235,-0.82,1.12,0.17,-0.36796,-0.11943,-0.0531,-0.92061,-0.82,1.1,0.19,-0.5293,-0.09977,-0.0383,-0.84168,-0.81,1.08,0.2,-0.5293,-0.09977,-0.0383,-0.84168,-0.85,1.07,0.09,0.32616,-0.06539,-0.13647,-0.93313,-0.85,1.11,0.13,0.06107,-0.08384,-0.13264,-0.98572,-0.85,1.12,0.17,-0.35067,-0.13239,-0.09909,-0.92178,-0.84,1.1,0.19,-0.53859,-0.13532,-0.13049,-0.82133,-0.83,1.08,0.2,-0.53859,-0.13532,-0.13049,-0.82133,-0.87,1.07,0.09,0.32616,-0.06539,-0.13647,-0.93313,-0.87,1.1,0.13,0.13922,-0.0606,-0.19428,-0.96912,-0.87,1.11,0.17,-0.31491,-0.15982,-0.18386,-0.91732,-0.86,1.1,0.19,-0.54602,-0.22477,-0.15919,-0.7912,-0.84,1.08,0.2,-0.54602,-0.22477,-0.15919,-0.7912,-0.87,1.06,0.1,0.26596,-0.00236,-0.36987,-0.8902,-0.88,1.08,0.13,0.18633,-0.05174,-0.27403,-0.94208,-0.88,1.1,0.16,-0.26475,-0.16314,-0.29449,-0.90364,-0.87,1.09,0.18,-0.48049,-0.27831,-0.25136,-0.79277,-0.86,1.08,0.19,-0.48049,-0.27831,-0.25136,-0.79277,-0.7,1.1,0.11,-0.37595,-0.15987,-0.12102,0.90469,-0.68,1.06,0.07,-0.37595,-0.15987,-0.12102,0.90469,-0.72,1.07,0.09,-0.51061,-0.18164,0.52905,0.65299,-0.74,1.09,0.1,-0.34813,-0.05909,0.47696,0.80488,-0.76,1.1,0.13,-0.27324,-0.04459,0.56154,0.77976,-0.77,1.11,0.15,-0.27324,-0.04459,0.56154,0.77976,-0.71,1.08,0.09,-0.37595,-0.15987,-0.12102,0.90469,-0.72,1.12,0.12,-0.08591,-0.25521,0.03749,0.96233,-0.74,1.13,0.16,0.34918,-0.22,0.1209,0.9028,-0.75,1.11,0.17,0.53093,-0.16397,0.15636,0.81657,-0.75,1.09,0.18,0.53093,-0.16397,0.15636,0.81657,-0.69,1.08,0.09,-0.37595,-0.15987,-0.12102,0.90469,-0.7,1.12,0.13,-0.09864,-0.19946,-0.07009,0.97241,-0.72,1.13,0.17,0.30814,-0.21255,0.00468,0.92728,-0.73,1.12,0.19,0.53308,-0.19376,-0.00885,0.82353,-0.74,1.09,0.2,0.53308,-0.19376,-0.00885,0.82353,-0.68,1.08,0.1,-0.37595,-0.15987,-0.12102,0.90469,-0.68,1.11,0.13,-0.20521,-0.14236,-0.17099,0.95309,-0.69,1.13,0.17,0.27472,-0.22737,-0.11973,0.92655,-0.7,1.12,0.19,0.54453,-0.27492,-0.07009,0.7893,-0.72,1.1,0.19,0.54453,-0.27492,-0.07009,0.7893,-0.67,1.07,0.1,-0.29729,-0.10785,-0.35429,0.88004,-0.67,1.1,0.14,-0.40259,0.02325,-0.28497,0.86958,-0.66,1.12,0.16,0.10737,-0.14444,-0.32985,0.92672,-0.67,1.12,0.18,0.39132,-0.28795,-0.26667,0.83237,-0.68,1.11,0.19,0.39132,-0.28795,-0.26667,0.83237,-0.81,1.08,0.19
-0.8,1.44,-0.15,-0.8,1.44,-0.15,-0.85,1.09,0.11,0.33002,-0.06108,-0.13726,-0.93194,-0.86,1.05,0.06,0.33002,-0.06108,-0.13726,-0.93194,-0.82,1.07,0.09,0.431,-0.17701,0.52594,-0.71154,-0.8,1.08,0.11,0.2048,-0.01555,0.47745,-0.85432,-0.79,1.1,0.14,0.11156,-0.00723,0.55449,-0.82465,-0.79,1.1,0.16,0.11156,-0.00723,0.55449,-0.82465,-0.83,1.07,0.09,0.33002,-0.06108,-0.13726,-0.93194,-0.83,1.11,0.13,0.03969,-0.09316,-0.07135,-0.9923,-0.82,1.12,0.17,-0.36642,-0.11884,-0.05302,-0.92131,-0.82,1.1,0.18,-0.52846,-0.09922,-0.03829,-0.84227,-0.81,1.08,0.2,-0.52846,-0.09922,-0.03829,-0.84227,-0.85,1.07,0.09,0.33002,-0.06108,-0.13726,-0.93194,-0.85,1.11,0.13,0.07322,-0.07928,-0.13506,-0.98494,-0.85,1.12,0.17,-0.33509,-0.12893,-0.10372,-0.92754,-0.84,1.1,0.19,-0.51899,-0.13338,-0.13627,-0.83324,-0.83,1.08,0.21,-0.51899,-0.13338,-0.13627,-0.83324,-0.87,1.07,0.09,0.33002,-0.06108,-0.13726,-0.93194,-0.87,1.1,0.13,0.14502,-0.05549,-0.19657,-0.96812,-0.87,1.11,0.17,-0.29981,-0.15472,-0.18944,-0.92211,-0.86,1.1,0.19,-0.52476,-0.22056,-0.16708,-0.80503,-0.84,1.08,0.2,-0.52476,-0.22056,-0.16708,-0.80503,-0.87,1.06,0.1,0.2705,0.00083,-0.37101,-0.88836,-0.88,1.09,0.13,0.18906,-0.04362,-0.27735,-0.94097,-0.88,1.1,0.16,-0.24861,-0.15357,-0.30265,-0.9072,-0.88,1.09,0.18,-0.44685,-0.26587,-0.26628,-0.81163,-0.86,1.08,0.19,-0.44685,-0.26587,-0.26628,-0.81163,-0.7,1.1,0.11,-0.38868,-0.1611,-0.11886,0.89936,-0.68,1.05,0.07,-0.38868,-0.1611,-0.11886,0.89936,-0.72,1.07,0.09,-0.50388,-0.18133,0.54852,0.64215,-0.75,1.09,0.1,-0.33686,-0.04864,0.49801,0.79759,-0.76,1.1,0.13,-0.2457,-0.02272,0.57988,0.77644,-0.77,1.11,0.15,-0.2457,-0.02272,0.57988,0.77644,-0.71,1.08,0.09,-0.38868,-0.1611,-0.11886,0.89936,-0.72,1.12,0.12,-0.11344,-0.23809,0.02221,0.96434,-0.74,1.13,0.15,0.36206,-0.20774,0.10846,0.90222,-0.75,1.11,0.17,0.55085,-0.15317,0.14349,0.80778,-0.75,1.09,0.18,0.55085,-0.15317,0.14349,0.80778,-0.69,1.07,0.09,-0.38868,-0.1611,-0.11886,0.89936,-0.7,1.12,0.13,-0.06018,-0.20676,-0.0533,0.97508,-0.72,1.13,0.17,0.36182,-0.2114,0.02692,0.90756,-0.73,1.11,0.18,0.5926,-0.18257,0.01478,0.78439,-0.74,1.09,0.19,0.5926,-0.18257,0.01478,0.78439,-0.68,1.07,0.1,-0.38868,-0.1611,-0.11886,0.89936,-0.68,1.11,0.13,-0.16079,-0.15796,-0.15714,0.96151,-0.69,1.13,0.17,0.33261,-0.23421,-0.09784,0.90826,-0.71,1.11,0.18,0.60569,-0.27316,-0.04549,0.74596,-0.72,1.09,0.19,0.60569,-0.27316,-0.04549,0.74596,-0.67,1.07,0.1,-0.30975,-0.11238,-0.35286,0.87574,-0.67,1.1,0.14,-0.38651,-0.0011,-0.28527,0.87706,-0.66,1.12,0.16,0.1667,-0.17722,-0.31236,0.91828,-0.67,1.11,0.18,0.45777,-0.31619,-0.23784,0.79618,-0.69,1.1,0.18,0.45777,-0.31619,-0.23784,0.79618,-0.81,1.08,0.19
-0.8,1.44,-0.15,-0.8,1.44,-0.15,-0.85,1.09,0.11,0.34436,-0.06043,-0.12692,-0.92826,-0.86,1.05,0.06,0.34436,-0.06043,-0.12692,-0.92826,-0.82,1.07,0.09,0.43907,-0.17045,0.53506,-0.70134,-0.8,1.09,0.11,0.21633,-0.00761,0.48463,-0.84751,-0.79,1.1,0.14,0.12035,0.00396,0.56088,-0.81909,-0.79,1.1,0.16,0.12035,0.00396,0.56088,-0.81909,-0.83,1.08,0.09,0.34436,-0.06043,-0.12692,-0.92826,-0.83,1.12,0.13,0.05474,-0.09097,-0.06025,-0.99252,-0.82,1.12,0.17,-0.35789,-0.11299,-0.04306,-0.9259,-0.82,1.1,0.18,-0.52381,-0.09189,-0.02939,-0.84635,-0.81,1.09,0.19,-0.52381,-0.09189,-0.02939,-0.84635,-0.85,1.07,0.09,0.34436,-0.06043,-0.12692,-0.92826,-0.85,1.11,0.13,0.08894,-0.07682,-0.12512,-0.98516,-0.85,1.12,0.17,-0.31687,-0.12244,-0.09614,-0.93561,-0.84,1.11,0.19,-0.4992,-0.12642,-0.13067,-0.8472,-0.83,1.09,0.21,-0.4992,-0.12642,-0.13067,-0.8472,-0.87,1.07,0.09,0.34436,-0.06043,-0.12692,-0.92826,-0.87,1.1,0.13,0.1582,-0.05428,-0.18704,-0.96801,-0.87,1.12,0.17,-0.27885,-0.14821,-0.18255,-0.9311,-0.86,1.1,0.19,-0.50257,-0.21246,-0.16242,-0.82214,-0.85,1.09,0.2,-0.50257,-0.21246,-0.16242,-0.82214,-0.87,1.07,0.09,0.28603,-0.00184,-0.36227,-0.8871,-0.88,1.09,0.13,0.19713,-0.04447,-0.26863,-0.94181,-0.88,1.1,0.16,-0.23551,-0.14923,-0.29541,-0.91378,-0.88,1.09,0.18,-0.43138,-0.25883,-0.26094,-0.82391,-0.86,1.08,0.19,-0.43138,-0.25883,-0.26094,-0.82391,-0.7,1.1,0.11,-0.37783,-0.18427,-0.12171,0.89915,-0.68,1.05,0.07,-0.37783,-0.18427,-0.12171,0.89915,-0.72,1.07,0.09,-0.49721,-0.21322,0.55439,0.63243,-0.75,1.08,0.1,-0.329,-0.07677,0.51298,0.78912,-0.76,1.1,0.13,-0.22877,-0.04113,0.59568,0.76886,-0.77,1.1,0.15,-0.22877,-0.04113,0.59568,0.76886,-0.71,1.07,0.09,-0.37783,-0.18427,-0.12171,0.89915,-0.73,1.12,0.12,-0.11106,-0.2432,0.00846,0.96356,-0.75,1.13,0.15,0.36772,-0.21825,0.09972,0.89845,-0.75,1.11,0.17,0.55591,-0.16532,0.13745,0.80296,-0.76,1.09,0.18,0.55591,-0.16532,0.13745,0.80296,-0.7,1.07,0.09,-0.37783,-0.18427,-0.12171,0.89915,-0.71,1.12,0.13,-0.03375,-0.22652,-0.04775,0.97225,-0.73,1.12,0.17,0.39569,-0.22608,0.04308,0.88908,-0.73,1.1,0.18,0.62173,-0.19021,0.03496,0.75898,-0.74,1.08,0.19,0.62173,-0.19021,0.03496,0.75898,-0.68,1.07,0.1,-0.37783,-0.18427,-0.12171,0.89915,-0.69,1.11,0.13,-0.10322,-0.18603,-0.14607,0.96613,-0.7,1.12,0.17,0.40597,-0.25239,-0.07036,0.87552,-0.72,1.1,0.18,0.67452,-0.27881,-0.01243,0.68347,-0.72,1.08,0.18,0.67452,-0.27881,-0.01243,0.68347,-0.67,1.07,0.1,-0.29406,-0.13264,-0.35363,0.878,-0.67,1.1,0.14,-0.32794,-0.04843,-0.28524,0.8993,-0.67,1.12,0.16,0.27677,-0.22502,-0.27834,0.89179,-0.68,1.11,0.18,0.56866,-0.35171,-0.18804,0.71942,-0.7,1.09,0.18,0.56866,-0.35171,-0.18804,0.71942,-0.81,1.08,0.19
-0.8,1.44,-0.15,-0.8,1.44,-0.15,-0.85,1.09,0.11,0.35697,-0.0599,-0.13647,-0.92215,-0.86,1.05,0.06,0.35697,-0.0599,-0.13647,-0.92215,-0.82,1.07,0.09,0.45269,-0.1618,0.5275,-0.70045,-0.8,1.09,0.1,0.23042,-0.00307,0.47433,-0.84965,-0.79,1.1,0.13,0.12895,0.01217,0.55069,-0.8246,-0.79,1.11,0.16,0.12895,0.01217,0.55069,-0.8246,-0.83,1.08,0.09,0.35697,-0.0599,-0.13647,-0.92215,-0.83,1.12,0.13,0.06841,-0.09445,-0.06836,-0.99082,-0.82,1.12,0.16,-0.35094,-0.12015,-0.04813,-0.92741,-0.82,1.11,0.18,-0.52076,-0.10011,-0.03279,-0.84718,-0.81,1.09,0.19,-0.52076,-0.10011,-0.03279,-0.84718,-0.85,1.07,0.09,0.35697,-0.0599,-0.13647,-0.92215,-0.85,1.12,0.13,0.09969,-0.08077,-0.13353,-0.9827,-0.85,1.13,0.17,-0.303,-0.12925,-0.10262,-0.93859,-0.84,1.11,0.19,-0.48411,-0.13498,-0.13591,-0.85378,-0.83,1.09,0.2,-0.48411,-0.13498,-0.13591,-0.85378,-0.87,1.07,0.09,0.35697,-0.0599,-0.13647,-0.92215,-0.87,1.11,0.13,0.16326,-0.05831,-0.19617,-0.96512,-0.87,1.12,0.17,-0.26494,-0.15439,-0.19,-0.93267,-0.86,1.11,0.19,-0.48551,-0.22,-0.1684,-0.82917,-0.85,1.09,0.2,-0.48551,-0.22,-0.1684,-0.82917,-0.87,1.07,0.09,0.29712,-0.00498,-0.37203,-0.87937,-0.88,1.09,0.13,0.19628,-0.04972,-0.27895,-0.93872,-0.88,1.1,0.16,-0.22996,-0.1566,-0.30291,-0.9115,-0.88,1.1,0.18,-0.41952,-0.266,-0.26774,-0.82557,-0.86,1.08,0.19,-0.41952,-0.266,-0.26774,-0.82557,-0.7,1.1,0.11,-0.37895,-0.18987,-0.12402,0.8972,-0.68,1.05,0.07,-0.37895,-0.18987,-0.12402,0.8972,-0.72,1.07,0.09,-0.4869,-0.22113,0.56699,0.62654,-0.75,1.08,0.1,-0.31997,-0.08031,0.52816,0.78244,-0.76,1.09,0.13,-0.20861,-0.03474,0.60969,0.7639,-0.77,1.1,0.15,-0.20861,-0.03474,0.60969,0.7639,-0.71,1.08,0.09,-0.37895,-0.18987,-0.12402,0.8972,-0.73,1.12,0.12,-0.12213,-0.23523,-0.00592,0.96422,-0.75,1.13,0.15,0.35094,-0.21902,0.08161,0.90676,-0.75,1.11,0.17,0.53901,-0.17048,0.1188,0.81627,-0.76,1.09,0.18,0.53901,-0.17048,0.1188,0.81627,-0.7,1.07,0.09,-0.37895,-0.18987,-0.12402,0.8972,-0.71,1.12,0.13,-0.02824,-0.22485,-0.05367,0.9725,-0.73,1.12,0.17,0.40407,-0.22694,0.03786,0.88532,-0.74,1.1,0.18,0.62808,-0.19185,0.03018,0.75352,-0.74,1.08,0.19,0.62808,-0.19185,0.03018,0.75352,-0.68,1.07,0.1,-0.37895,-0.18987,-0.12402,0.8972,-0.69,1.11,0.13,-0.09099,-0.1899,-0.14709,0.96645,-0.7,1.12,0.17,0.42759,-0.25645,-0.06655,0.86428,-0.72,1.1,0.18,0.69703,-0.28025,-0.00602,0.65998,-0.73,1.08,0.18,0.69703,-0.28025,-0.00602,0.65998,-0.67,1.07,0.1,-0.29369,-0.13861,-0.35552,0.87643,-0.67,1.1,0.14,-0.31178,-0.06754,-0.28524,0.90381,-0.67,1.12,0.16,0.32349,-0.24721,-0.2605,0.87543,-0.69,1.11,0.18,0.62081,-0.36789,-0.15886,0.67381,-0.7,1.09,0.18,0.62081,-0.36789,-0.15886,0.67381,-0.81,1.08,0.19
-0.8,1.44,-0.15,-0.8,1.44,-0.15,-0.85,1.1,0.11,0.3589,-0.06157,-0.15123,-0.91899,-0.86,1.05,0.06,0.3589,-0.06157,-0.15123,-0.91899,-0.82,1.07,0.09,0.45997,-0.1631,0.5155,-0.70433,-0.8,1.09,0.1,0.2365,-0.00884,0.46263,-0.85438,-0.79,1.1,0.13,0.12773,0.0107,0.53955,-0.83214,-0.79,1.11,0.16,0.12773,0.0107,0.53955,-0.83214,-0.83,1.08,0.09,0.3589,-0.06157,-0.15123,-0.91899,-0.83,1.12,0.13,0.06875,-0.10106,-0.08131,-0.98917,-0.82,1.12,0.16,-0.35472,-0.13182,-0.05645,-0.92391,-0.82,1.11,0.18,-0.52635,-0.11326,-0.03831,-0.84182,-0.81,1.09,0.19,-0.52635,-0.11326,-0.03831,-0.84182,-0.85,1.07,0.09,0.3589,-0.06157,-0.15123,-0.91899,-0.85,1.12,0.13,0.09587,-0.0883,-0.14604,-0.98065,-0.85,1.13,0.17,-0.3073,-0.14128,-0.11083,-0.93452,-0.84,1.11,0.19,-0.489,-0.14813,-0.14136,-0.84791,-0.83,1.09,0.2,-0.489,-0.14813,-0.14136,-0.84791,-0.87,1.07,0.09,0.3589,-0.06157,-0.15123,-0.91899,-0.87,1.11,0.13,0.15582,-0.06499,-0.20953,-0.96312,-0.87,1.12,0.17,-0.26964,-0.16553,-0.19942,-0.92743,-0.86,1.11,0.19,-0.48815,-0.23281,-0.17489,-0.82276,-0.84,1.09,0.2,-0.48815,-0.23281,-0.17489,-0.82276,-0.87,1.07,0.09,0.29663,-0.0077,-0.3859,-0.87352,-0.88,1.09,0.13,0.18627,-0.05523,-0.29371,-0.93594,-0.88,1.1,0.16,-0.23679,-0.16658,-0.31373,-0.9043,-0.88,1.09,0.18,-0.42148,-0.2771,-0.27699,-0.81783,-0.86,1.08,0.19,-0.42148,-0.2771,-0.27699,-0.81783,-0.7,1.1,0.11,-0.36562,-0.18661,-0.12231,0.90363,-0.68,1.05,0.07,-0.36562,-0.18661,-0.12231,0.90363,-0.72,1.07,0.09,-0.46392,-0.23359,0.57848,0.62895,-0.75,1.08,0.1,-0.29613,-0.08698,0.54336,0.78071,-0.76,1.09,0.13,-0.18238,-0.03936,0.62404,0.75879,-0.77,1.1,0.15,-0.18238,-0.03936,0.62404,0.75879,-0.71,1.07,0.09,-0.36562,-0.18661,-0.12231,0.90363,-0.73,1.12,0.12,-0.10808,-0.22983,-0.00772,0.96718,-0.74,1.13,0.16,0.32615,-0.21781,0.06811,0.91736,-0.75,1.11,0.17,0.50474,-0.17378,0.10174,0.83945,-0.76,1.09,0.18,0.50474,-0.17378,0.10174,0.83945,-0.7,1.07,0.09,-0.36562,-0.18661,-0.12231,0.90363,-0.71,1.12,0.13,-0.04757,-0.2142,-0.06531,0.97344,-0.72,1.12,0.17,0.36532,-0.22322,0.01742,0.90356,-0.74,1.11,0.18,0.57925,-0.19743,0.00637,0.79085,-0.74,1.08,0.19,0.57925,-0.19743,0.00637,0.79085,-0.68,1.07,0.1,-0.36562,-0.18661,-0.12231,0.90363,-0.69,1.11,0.14,-0.11864,-0.17509,-0.15652,0.96476,-0.7,1.12,0.17,0.3871,-0.24851,-0.08574,0.88377,-0.71,1.1,0.19,0.65725,-0.28088,-0.02836,0.6988,-0.73,1.08,0.19,0.65725,-0.28088,-0.02836,0.6988,-0.67,1.07,0.1,-0.28159,-0.13176,-0.35338,0.88231,-0.67,1.1,0.14,-0.30771,-0.06481,-0.28066,0.90683,-0.67,1.11,0.16,0.32872,-0.242,-0.25872,0.87547,-0.68,1.1,0.18,0.62805,-0.36285,-0.15833,0.66994,-0.7,1.09,0.18,0.62805,-0.36285,-0.15833,0.66994,-0.81,1.08,0.19
-0.8,1.44,-0.15,-0.8,1.44,-0.15,-0.85,1.1,0.11,0.35928,-0.0644,-0.15417,-0.91815,-0.86,1.05,0.06,0.35928,-0.0644,-0.15417,-0.91815,-0.82,1.07,0.09,0.45805,-0.17013,0.51756,-0.70241,-0.8,1.09,0.1,0.23261,-0.01361,0.4671,-0.85295,-0.79,1.1,0.13,0.11756,0.01042,0.54351,-0.83107,-0.79,1.11,0.16,0.11756,0.01042,0.54351,-0.83107,-0.83,1.08,0.09,0.35928,-0.0644,-0.15417,-0.91815,-0.83,1.12,0.13,0.06504,-0.10509,-0.08258,-0.98889,-0.82,1.12,0.16,-0.36608,-0.13641,-0.05472,-0.9189,-0.82,1.11,0.18,-0.53945,-0.11751,-0.03494,-0.83305,-0.81,1.09,0.19,-0.53945,-0.11751,-0.03494,-0.83305,-0.85,1.07,0.09,0.35928,-0.0644,-0.15417,-0.91815,-0.85,1.12,0.13,0.09043,-0.09225,-0.14785,-0.98054,-0.85,1.13,0.17,-0.32456,-0.14699,-0.10899,-0.92799,-0.84,1.11,0.19,-0.51258,-0.15304,-0.13756,-0.83362,-0.83,1.09,0.2,-0.51258,-0.15304,-0.13756,-0.83362,-0.87,1.07,0.09,0.35928,-0.0644,-0.15417,-0.91815,-0.87,1.11,0.13,0.14783,-0.06862,-0.21203,-0.96358,-0.87,1.12,0.17,-0.28299,-0.17077,-0.19931,-0.92251,-0.86,1.11,0.19,-0.50445,-0.23823,-0.17285,-0.81173,-0.84,1.09,0.2,-0.50445,-0.23823,-0.17285,-0.81173,-0.87,1.07,0.09,0.29602,-0.01069,-0.38857,-0.87251,-0.88,1.09,0.13,0.1729,-0.05812,-0.29795,-0.93699,-0.88,1.1,0.16,-0.25271,-0.17103,-0.31568,-0.89846,-0.87,1.09,0.18,-0.43784,-0.28234,-0.27795,-0.80704,-0.86,1.08,0.19,-0.43784,-0.28234,-0.27795,-0.80704,-0.7,1.09,0.11,-0.33497,-0.18681,-0.11888,0.91584,-0.68,1.05,0.07,-0.33497,-0.18681,-0.11888,0.91584,-0.72,1.07,0.09,-0.43828,-0.26005,0.58019,0.63535,-0.75,1.07,0.1,-0.26818,-0.10997,0.55228,0.78164,-0.76,1.08,0.13,-0.16527,-0.07091,0.63413,0.75202,-0.77,1.09,0.15,-0.16527,-0.07091,0.63413,0.75202,-0.71,1.07,0.09,-0.33497,-0.18681,-0.11888,0.91584,-0.73,1.11,0.13,-0.07131,-0.23232,-0.00293,0.97002,-0.75,1.12,0.16,0.31802,-0.22021,0.06296,0.92001,-0.76,1.1,0.18,0.47379,-0.17959,0.09146,0.85727,-0.76,1.09,0.19,0.47379,-0.17959,0.09146,0.85727,-0.7,1.07,0.09,-0.33497,-0.18681,-0.11888,0.91584,-0.71,1.11,0.13,-0.06319,-0.20781,-0.07394,0.97332,-0.73,1.12,0.17,0.32758,-0.22135,0.00131,0.91853,-0.74,1.1,0.19,0.51861,-0.20324,-0.01427,0.83038,-0.75,1.08,0.2,0.51861,-0.20324,-0.01427,0.83038,-0.68,1.07,0.1,-0.33497,-0.18681,-0.11888,0.91584,-0.69,1.1,0.14,-0.13198,-0.16508,-0.15992,0.96424,-0.7,1.12,0.17,0.36002,-0.24068,-0.09714,0.89612,-0.72,1.1,0.19,0.61601,-0.27821,-0.04686,0.73548,-0.73,1.08,0.19,0.61601,-0.27821,-0.04686,0.73548,-0.67,1.07,0.11,-0.25214,-0.12383,-0.34828,0.89431,-0.68,1.09,0.14,-0.28213,-0.07252,-0.27025,0.91766,-0.68,1.11,0.17,0.34891,-0.23747,-0.24809,0.87196,-0.69,1.1,0.18,0.64251,-0.35387,-0.15278,0.66229,-0.7,1.08,0.18,0.64251,-0.35387,-0.15278,0.66229,-0.81,1.08,0.19
-0.8,1.44,-0.15,-0.8,1.44,-0.15,-0.85,1.1,0.11,0.36533,-0.07688,-0.12463,-0.91929,-0.86,1.05,0.06,0.36533,-0.07688,-0.12463,-0.91929,-0.82,1.07,0.09,0.45723,-0.18147,0.54236,-0.68107,-0.8,1.09,0.1,0.23441,-0.01535,0.49614,-0.83586,-0.79,1.1,0.13,0.11132,0.01864,0.5703,-0.81364,-0.79,1.1,0.15,0.11132,0.01864,0.5703,-0.81364,-0.83,1.08,0.09,0.36533,-0.07688,-0.12463,-0.91929,-0.83,1.12,0.13,0.06495,-0.10774,-0.04991,-0.9908,-0.82,1.12,0.16,-0.39108,-0.12545,-0.0208,-0.91153,-0.81,1.11,0.18,-0.56888,-0.1001,-0.00204,-0.81631,-0.81,1.09,0.19,-0.56888,-0.1001,-0.00204,-0.81631,-0.85,1.07,0.09,0.36533,-0.07688,-0.12463,-0.91929,-0.85,1.12,0.13,0.06344,-0.10023,-0.11254,-0.98654,-0.84,1.12,0.17,-0.37936,-0.14143,-0.06947,-0.91173,-0.83,1.11,0.19,-0.58555,-0.13727,-0.09785,-0.79292,-0.83,1.08,0.19,-0.58555,-0.13727,-0.09785,-0.79292,-0.87,1.07,0.09,0.36533,-0.07688,-0.12463,-0.91929,-0.87,1.11,0.13,0.12095,-0.08,-0.17876,-0.97315,-0.86,1.12,0.17,-0.33618,-0.16973,-0.16129,-0.91223,-0.85,1.1,0.18,-0.57618,-0.22893,-0.13317,-0.77323,-0.84,1.08,0.19,-0.57618,-0.22893,-0.13317,-0.77323,-0.87,1.07,0.09,0.30341,-0.02332,-0.36084,-0.88158,-0.88,1.09,0.13,0.16197,-0.06627,-0.26973,-0.9469,-0.88,1.1,0.16,-0.29895,-0.17505,-0.28264,-0.89449,-0.87,1.09,0.17,-0.51028,-0.28591,-0.23882,-0.77514,-0.86,1.08,0.18,-0.51028,-0.28591,-0.23882,-0.77514,-0.7,1.09,0.11,-0.34519,-0.19527,-0.12133,0.90994,-0.68,1.05,0.07,-0.34519,-0.19527,-0.12133,0.90994,-0.72,1.07,0.09,-0.44667,-0.25407,0.58285,0.62946,-0.75,1.07,0.1,-0.2803,-0.10595,0.55302,0.77741,-0.77,1.09,0.13,-0.18262,-0.07,0.6347,0.7476,-0.77,1.09,0.15,-0.18262,-0.07,0.6347,0.7476,-0.71,1.07,0.09,-0.34519,-0.19527,-0.12133,0.90994,-0.73,1.11,0.13,-0.06536,-0.23913,0.00137,0.96878,-0.75,1.12,0.16,0.31849,-0.225,0.06842,0.91829,-0.76,1.1,0.17,0.46236,-0.18456,0.09497,0.86205,-0.76,1.09,0.19,0.46236,-0.18456,0.09497,0.86205,-0.7,1.07,0.09,-0.34519,-0.19527,-0.12133,0.90994,-0.71,1.11,0.13,-0.06416,-0.21789,-0.07133,0.97125,-0.73,1.12,0.17,0.34295,-0.2294,0.01192,0.91083,-0.74,1.1,0.19,0.53718,-0.20768,-0.00124,0.8175,-0.75,1.08,0.2,0.53718,-0.20768,-0.00124,0.8175,-0.68,1.07,0.1,-0.34519,-0.19527,-0.12133,0.90994,-0.69,1.11,0.14,-0.13353,-0.17967,-0.1574,0.96183,-0.7,1.12,0.17,0.3846,-0.25446,-0.08079,0.88363,-0.72,1.1,0.19,0.64217,-0.28539,-0.02579,0.71099,-0.73,1.08,0.19,0.64217,-0.28539,-0.02579,0.71099,-0.67,1.07,0.11,-0.26004,-0.13501,-0.35071,0.88947,-0.68,1.09,0.14,-0.28251,-0.1015,-0.26924,0.91509,-0.68,1.11,0.17,0.36015,-0.26226,-0.22665,0.86611,-0.69,1.1,0.18,0.65827,-0.36928,-0.12064,0.6448,-0.7,1.08,0.18,0.65827,-0.36928,-0.12064,0.6448,-0.81,1.08,0.19
-0.8,1.44,-0.15,-0.8,1.44,-0.15,-0.85,1.09,0.11,0.35654,-0.07566,-0.10763,-0.92497,-0.86,1.05,0.06,0.35654,-0.07566,-0.10763,-0.92497,-0.82,1.07,0.09,0.44116,-0.1888,0.55791,-0.6771,-0.8,1.08,0.1,0.21675,-0.01409,0.51442,-0.82958,-0.79,1.09,0.13,0.0902,0.02334,0.58647,-0.80459,-0.79,1.1,0.16,0.0902,0.02334,0.58647,-0.80459,-0.83,1.08,0.09,0.35654,-0.07566,-0.10763,-0.92497,-0.83,1.12,0.13,0.04702,-0.10127,-0.03354,-0.99318,-0.82,1.12,0.16,-0.41533,-0.11194,-0.00836,-0.90272,-0.81,1.1,0.18,-0.59408,-0.08417,0.00858,-0.79995,-0.81,1.08,0.19,-0.59408,-0.08417,0.00858,-0.79995,-0.85,1.07,0.09,0.35654,-0.07566,-0.10763,-0.92497,-0.85,1.12,0.13,0.02249,-0.09692,-0.09327,-0.99066,-0.84,1.12,0.17,-0.4275,-0.13,-0.05236,-0.89308,-0.83,1.1,0.19,-0.64115,-0.11933,-0.0823,-0.7536,-0.83,1.08,0.19,-0.64115,-0.11933,-0.0823,-0.7536,-0.87,1.07,0.09,0.35654,-0.07566,-0.10763,-0.92497,-0.87,1.11,0.13,0.08707,-0.0774,-0.16074,-0.9801,-0.86,1.11,0.17,-0.3842,-0.16013,-0.14491,-0.89763,-0.85,1.1,0.18,-0.63454,-0.21539,-0.11794,-0.73284,-0.84,1.08,0.19,-0.63454,-0.21539,-0.11794,-0.73284,-0.87,1.07,0.09,0.29744,-0.01922,-0.34435,-0.89027,-0.88,1.09,0.13,0.14723,-0.05938,-0.25467,-0.95391,-0.88,1.1,0.16,-0.33699,-0.16728,-0.26955,-0.88645,-0.87,1.09,0.17,-0.56801,-0.28062,-0.22286,-0.74091,-0.86,1.08,0.18,-0.56801,-0.28062,-0.22286,-0.74091,-0.7,1.09,0.11,-0.35105,-0.19589,-0.12002,0.90774,-0.68,1.05,0.07,-0.35105,-0.19589,-0.12002,0.90774,-0.72,1.07,0.09,-0.44346,-0.24631,0.59155,0.62669,-0.75,1.07,0.11,-0.28117,-0.09784,0.55942,0.77358,-0.76,1.08,0.13,-0.18347,-0.06159,0.64,0.74361,-0.77,1.09,0.15,-0.18347,-0.06159,0.64,0.74361,-0.71,1.07,0.09,-0.35105,-0.19589,-0.12002,0.90774,-0.73,1.11,0.13,-0.0489,-0.23383,0.0052,0.97103,-0.75,1.12,0.16,0.34094,-0.21772,0.07137,0.91174,-0.76,1.1,0.17,0.47923,-0.17709,0.09643,0.85421,-0.76,1.08,0.19,0.47923,-0.17709,0.09643,0.85421,-0.7,1.07,0.09,-0.35105,-0.19589,-0.12002,0.90774,-0.71,1.11,0.13,-0.05057,-0.22002,-0.06499,0.97201,-0.73,1.12,0.17,0.39393,-0.22753,0.02819,0.89009,-0.74,1.1,0.19,0.60078,-0.19745,0.01789,0.77444,-0.74,1.08,0.19,0.60078,-0.19745,0.01789,0.77444,-0.68,1.07,0.1,-0.35105,-0.19589,-0.12002,0.90774,-0.69,1.11,0.14,-0.12661,-0.18649,-0.15134,0.96244,-0.7,1.12,0.17,0.4306,-0.25949,-0.06151,0.86224,-0.72,1.1,0.19,0.69661,-0.28151,-0.00125,0.65992,-0.73,1.08,0.18,0.69661,-0.28151,-0.00125,0.65992,-0.67,1.07,0.11,-0.26581,-0.13712,-0.3498,0.8878,-0.68,1.09,0.14,-0.27616,-0.12199,-0.26341,0.91622,-0.68,1.11,0.17,0.3863,-0.27813,-0.20429,0.85539,-0.69,1.1,0.18,0.69293,-0.37604,-0.08751,0.60893,-0.7,1.08,0.17,0.69293,-0.37604,-0.08751,0.60893,-0.81,1.08,0.19
-0.8,1.44,-0.15,-0.8,1.44,-0.15,-0.85,1.1,0.11,0.35568,-0.07031,-0.12306,-0.9238,-0.86,1.06,0.06,0.35568,-0.07031,-0.12306,-0.9238,-0.82,1.07,0.09,0.43918,-0.18217,0.54969,-0.68686,-0.8,1.09,0.1,0.20898,-0.00788,0.50413,-0.83792,-0.79,1.1,0.13,0.08201,0.02689,0.57589,-0.81296,-0.79,1.1,0.16,0.08201,0.02689,0.57589,-0.81296,-0.83,1.08,0.09,0.35568,-0.07031,-0.12306,-0.9238,-0.83,1.12,0.13,0.02806,-0.10105,-0.04822,-0.99332,-0.82,1.12,0.16,-0.42302,-0.11774,-0.02282,-0.89815,-0.81,1.1,0.18,-0.5976,-0.09272,-0.0046,-0.7964,-0.81,1.08,0.18,-0.5976,-0.09272,-0.0046,-0.7964,-0.85,1.07,0.09,0.35568,-0.07031,-0.12306,-0.9238,-0.85,1.12,0.13,0.00921,-0.09905,-0.10778,-0.98919,-0.84,1.12,0.17,-0.43279,-0.13784,-0.06526,-0.8885,-0.83,1.1,0.19,-0.64529,-0.12967,-0.0926,-0.74714,-0.83,1.08,0.19,-0.64529,-0.12967,-0.0926,-0.74714,-0.87,1.07,0.09,0.35568,-0.07031,-0.12306,-0.9238,-0.87,1.11,0.13,0.08231,-0.07716,-0.17645,-0.97782,-0.86,1.11,0.17,-0.38494,-0.1667,-0.15921,-0.89369,-0.85,1.1,0.18,-0.63396,-0.22583,-0.1295,-0.72823,-0.84,1.08,0.19,-0.63396,-0.22583,-0.1295,-0.72823,-0.87,1.07,0.09,0.29557,-0.01431,-0.35902,-0.88518,-0.88,1.09,0.13,0.15112,-0.05644,-0.27005,-0.94924,-0.88,1.1,0.16,-0.32687,-0.17108,-0.28479,-0.88475,-0.87,1.09,0.17,-0.55681,-0.28851,-0.23595,-0.74233,-0.86,1.08,0.18,-0.55681,-0.28851,-0.23595,-0.74233,-0.7,1.09,0.11,-0.34939,-0.19212,-0.11772,0.90948,-0.68,1.05,0.07,-0.34939,-0.19212,-0.11772,0.90948,-0.72,1.06,0.09,-0.43452,-0.2434,0.59825,0.62773,-0.75,1.07,0.11,-0.27408,-0.09355,0.56527,0.7724,-0.76,1.08,0.13,-0.17639,-0.05768,0.64492,0.74137,-0.77,1.09,0.16,-0.17639,-0.05768,0.64492,0.74137,-0.71,1.07,0.09,-0.34939,-0.19212,-0.11772,0.90948,-0.73,1.11,0.13,-0.02835,-0.22506,0.00734,0.97391,-0.75,1.11,0.16,0.36719,-0.20779,0.07126,0.90383,-0.75,1.1,0.18,0.50309,-0.16711,0.09538,0.84254,-0.76,1.08,0.19,0.50309,-0.16711,0.09538,0.84254,-0.7,1.07,0.1,-0.34939,-0.19212,-0.11772,0.90948,-0.71,1.11,0.13,-0.04666,-0.21548,-0.06381,0.9733,-0.73,1.12,0.17,0.40913,-0.22253,0.02996,0.88442,-0.74,1.1,0.19,0.6268,-0.18983,0.02061,0.75542,-0.74,1.08,0.19,0.6268,-0.18983,0.02061,0.75542,-0.68,1.07,0.1,-0.34939,-0.19212,-0.11772,0.90948,-0.69,1.1,0.14,-0.12511,-0.18469,-0.14842,0.96344,-0.7,1.12,0.17,0.44066,-0.25681,-0.05786,0.85821,-0.72,1.1,0.19,0.71378,-0.27668,0.00414,0.64339,-0.73,1.08,0.18,0.71378,-0.27668,0.00414,0.64339,-0.67,1.07,0.11,-0.26527,-0.13284,-0.34777,0.8894,-0.68,1.09,0.14,-0.27291,-0.12914,-0.25792,0.91778,-0.68,1.11,0.17,0.39063,-0.27986,-0.19555,0.8549,-0.69,1.1,0.18,0.70374,-0.37451,-0.0753,0.59901,-0.7,1.08,0.17,0.70374,-0.37451,-0.0753,0.59901,-0.81,1.08,0.19
-0.8,1.44,-0.15,-0.8,1.44,-0.15,-0.85,1.1,0.11,0.36254,-0.05846,-0.14411,-0.9189,-0.86,1.06,0.06,0.36254,-0.05846,-0.14411,-0.9189,-0.82,1.08,0.09,0.44332,-0.16701,0.53669,-0.69824,-0.8,1.09,0.1,0.2058,0.00502,0.4863,-0.8492,-0.79,1.1,0.13,0.08351,0.0326,0.55822,-0.82483,-0.79,1.11,0.16,0.08351,0.0326,0.55822,-0.82483,-0.83,1.08,0.09,0.36254,-0.05846,-0.14411,-0.9189,-0.83,1.12,0.13,0.02345,-0.09803,-0.07013,-0.99243,-0.82,1.13,0.16,-0.38405,-0.12253,-0.04965,-0.9138,-0.82,1.11,0.18,-0.54907,-0.10237,-0.03312,-0.82882,-0.81,1.09,0.19,-0.54907,-0.10237,-0.03312,-0.82882,-0.85,1.08,0.09,0.36254,-0.05846,-0.14411,-0.9189,-0.85,1.12,0.13,0.03848,-0.09311,-0.13339,-0.98593,-0.85,1.13,0.17,-0.35906,-0.13956,-0.09785,-0.91762,-0.84,1.11,0.19,-0.55718,-0.14247,-0.1268,-0.80819,-0.83,1.09,0.2,-0.55718,-0.14247,-0.1268,-0.80819,-0.87,1.07,0.09,0.36254,-0.05846,-0.14411,-0.9189,-0.87,1.11,0.13,0.12744,-0.06488,-0.20253,-0.96878,-0.87,1.12,0.17,-0.30408,-0.16262,-0.19274,-0.91866,-0.86,1.11,0.19,-0.54,-0.23073,-0.1658,-0.79226,-0.84,1.09,0.19,-0.54,-0.23073,-0.1658,-0.79226,-0.87,1.07,0.09,0.3018,-0.00533,-0.37956,-0.87454,-0.88,1.09,0.13,0.19253,-0.04135,-0.29173,-0.93601,-0.89,1.11,0.16,-0.24462,-0.15853,-0.31611,-0.90283,-0.88,1.1,0.17,-0.45466,-0.27792,-0.27401,-0.8006,-0.86,1.09,0.18,-0.45466,-0.27792,-0.27401,-0.8006,-0.7,1.09,0.12,-0.346,-0.18903,-0.11484,0.91179,-0.68,1.05,0.07,-0.346,-0.18903,-0.11484,0.91179,-0.72,1.06,0.09,-0.42759,-0.24348,0.60216,0.62872,-0.75,1.07,0.11,-0.26828,-0.09278,0.56912,0.7717,-0.76,1.08,0.14,-0.17274,-0.05894,0.64832,0.73916,-0.77,1.09,0.16,-0.17274,-0.05894,0.64832,0.73916,-0.71,1.07,0.09,-0.346,-0.18903,-0.11484,0.91179,-0.73,1.11,0.13,-0.01346,-0.22089,0.01149,0.97514,-0.75,1.11,0.16,0.38016,-0.20203,0.07307,0.89962,-0.75,1.1,0.18,0.51491,-0.16105,0.09661,0.83642,-0.76,1.08,0.19,0.51491,-0.16105,0.09661,0.83642,-0.7,1.07,0.1,-0.346,-0.18903,-0.11484,0.91179,-0.71,1.11,0.13,-0.0513,-0.21022,-0.06455,0.97417,-0.73,1.12,0.17,0.40522,-0.21826,0.02685,0.88737,-0.74,1.1,0.19,0.62634,-0.18646,0.01683,0.75674,-0.74,1.08,0.19,0.62634,-0.18646,0.01683,0.75674,-0.68,1.07,0.1,-0.346,-0.18903,-0.11484,0.91179,-0.69,1.1,0.14,-0.13285,-0.18063,-0.1475,0.96331,-0.7,1.12,0.17,0.43137,-0.2531,-0.05996,0.86387,-0.72,1.1,0.19,0.70758,-0.27423,0.00127,0.65125,-0.72,1.08,0.18,0.70758,-0.27423,0.00127,0.65125,-0.67,1.07,0.11,-0.26299,-0.12876,-0.34504,0.89174,-0.68,1.09,0.14,-0.27213,-0.13024,-0.25361,0.91906,-0.68,1.11,0.17,0.37987,-0.2754,-0.195,0.8613,-0.69,1.1,0.18,0.69631,-0.37047,-0.0764,0.60997,-0.7,1.08,0.18,0.69631,-0.37047,-0.0764,0.60997,-0.81,1.08,0.19
-0.8,1.44,-0.15,-0.8,1.44,-0.15,-0.85,1.1,0.11,0.33766,-0.05648,-0.14416,-0.92845,-0.86,1.06,0.06,0.33766,-0.05648,-0.14416,-0.92845,-0.82,1.08,0.09,0.42659,-0.18843,0.53162,-0.70703,-0.8,1.09,0.1,0.17961,-0.01178,0.48875,-0.85366,-0.79,1.1,0.14,0.0742,0.00321,0.56304,-0.82308,-0.79,1.1,0.16,0.0742,0.00321,0.56304,-0.82308,-0.83,1.08,0.09,0.33766,-0.05648,-0.14416,-0.92845,-0.83,1.12,0.13,0.03578,-0.09782,-0.07334,-0.99185,-0.82,1.12,0.17,-0.3125,-0.12025,-0.06061,-0.94032,-0.82,1.11,0.18,-0.46714,-0.10167,-0.0487,-0.87697,-0.81,1.09,0.2,-0.46714,-0.10167,-0.0487,-0.87697,-0.85,1.08,0.09,0.33766,-0.05648,-0.14416,-0.92845,-0.85,1.12,0.13,0.07489,-0.08113,-0.14031,-0.98393,-0.85,1.13,0.17,-0.26907,-0.12516,-0.11643,-0.94783,-0.84,1.11,0.19,-0.42919,-0.13297,-0.1518,-0.88038,-0.83,1.1,0.21,-0.42919,-0.13297,-0.1518,-0.88038,-0.87,1.07,0.09,0.33766,-0.05648,-0.14416,-0.92845,-0.87,1.11,0.13,0.15922,-0.048,-0.20649,-0.96421,-0.87,1.12,0.17,-0.21699,-0.13843,-0.21038,-0.94313,-0.86,1.11,0.19,-0.41594,-0.20614,-0.19492,-0.86401,-0.85,1.1,0.21,-0.41594,-0.20614,-0.19492,-0.86401,-0.87,1.07,0.09,0.27794,0.00308,-0.37813,-0.88304,-0.88,1.09,0.13,0.2067,-0.02268,-0.29028,-0.93408,-0.89,1.1,0.16,-0.17549,-0.12357,-0.3285,-0.91979,-0.88,1.1,0.18,-0.34165,-0.23168,-0.30348,-0.85878,-0.87,1.09,0.19,-0.34165,-0.23168,-0.30348,-0.85878,-0.7,1.09,0.12,-0.34415,-0.18687,-0.11361,0.91309,-0.68,1.05,0.07,-0.34415,-0.18687,-0.11361,0.91309,-0.72,1.06,0.09,-0.42278,-0.24245,0.60491,0.62973,-0.75,1.07,0.11,-0.26353,-0.09062,0.57169,0.77169,-0.76,1.08,0.14,-0.17057,-0.05938,0.65044,0.73778,-0.77,1.09,0.16,-0.17057,-0.05938,0.65044,0.73778,-0.71,1.07,0.09,-0.34415,-0.18687,-0.11361,0.91309,-0.73,1.11,0.13,-0.00677,-0.21943,0.01382,0.97551,-0.75,1.11,0.16,0.38122,-0.20002,0.07343,0.8996,-0.75,1.09,0.18,0.51442,-0.15913,0.09637,0.83712,-0.76,1.08,0.19,0.51442,-0.15913,0.09637,0.83712,-0.7,1.07,0.1,-0.34415,-0.18687,-0.11361,0.91309,-0.71,1.11,0.13,-0.05575,-0.20727,-0.0655,0.9745,-0.73,1.12,0.17,0.39989,-0.21618,0.0243,0.89037,-0.73,1.1,0.19,0.62056,-0.18558,0.01353,0.76176,-0.74,1.08,0.19,0.62056,-0.18558,0.01353,0.76176,-0.68,1.07,0.1,-0.34415,-0.18687,-0.11361,0.91309,-0.69,1.1,0.14,-0.13754,-0.17841,-0.14725,0.96311,-0.7,1.12,0.17,0.42364,-0.25109,-0.06186,0.86813,-0.72,1.1,0.19,0.70015,-0.27341,-0.00158,0.65957,-0.72,1.08,0.19,0.70015,-0.27341,-0.00158,0.65957,-0.67,1.07,0.11,-0.2618,-0.12608,-0.3439,0.89292,-0.68,1.09,0.14,-0.26766,-0.13145,-0.25128,0.92084,-0.68,1.11,0.17,0.37129,-0.27179,-0.19609,0.86592,-0.69,1.1,0.18,0.68694,-0.36758,-0.08037,0.62173,-0.7,1.08,0.18,0.68694,-0.36758,-0.08037,0.62173,-0.81,1.08,0.19
-0.8,1.45,-0.15,-0.8,1.45,-0.15,-0.85,1.09,0.11,0.30545,-0.06142,-0.14092,-0.93972,-0.86,1.06,0.06,0.30545,-0.06142,-0.14092,-0.93972,-0.82,1.07,0.09,0.41211,-0.21542,0.52164,-0.71529,-0.8,1.09,0.1,0.15824,-0.03748,0.48827,-0.85741,-0.79,1.09,0.14,0.06686,-0.03242,0.56473,-0.82193,-0.79,1.1,0.16,0.06686,-0.03242,0.56473,-0.82193,-0.83,1.08,0.09,0.30545,-0.06142,-0.14092,-0.93972,-0.83,1.11,0.13,0.03316,-0.1009,-0.07291,-0.99167,-0.82,1.12,0.17,-0.28334,-0.12085,-0.0633,-0.94927,-0.82,1.1,0.19,-0.42381,-0.10187,-0.05426,-0.89837,-0.81,1.09,0.2,-0.42381,-0.10187,-0.05426,-0.89837,-0.85,1.07,0.09,0.30545,-0.06142,-0.14092,-0.93972,-0.85,1.11,0.13,0.04233,-0.08284,-0.13645,-0.98627,-0.84,1.12,0.18,-0.28941,-0.1237,-0.11367,-0.94235,-0.84,1.1,0.2,-0.42789,-0.12739,-0.15013,-0.88212,-0.83,1.09,0.21,-0.42789,-0.12739,-0.15013,-0.88212,-0.87,1.07,0.09,0.30545,-0.06142,-0.14092,-0.93972,-0.87,1.1,0.13,0.12212,-0.04992,-0.20134,-0.9706,-0.87,1.11,0.17,-0.24178,-0.13424,-0.20698,-0.93845,-0.86,1.1,0.19,-0.42037,-0.19733,-0.19606,-0.86366,-0.85,1.09,0.21,-0.42037,-0.19733,-0.19606,-0.86366,-0.87,1.07,0.09,0.24598,0.00661,-0.37272,-0.89472,-0.88,1.09,0.13,0.17739,-0.02228,-0.28422,-0.94194,-0.88,1.1,0.16,-0.18615,-0.11212,-0.32445,-0.9206,-0.88,1.09,0.18,-0.32512,-0.21066,-0.30783,-0.869,-0.87,1.08,0.2,-0.32512,-0.21066,-0.30783,-0.869,-0.7,1.09,0.12,-0.34396,-0.18778,-0.11307,0.91304,-0.68,1.05,0.07,-0.34396,-0.18778,-0.11307,0.91304,-0.72,1.06,0.09,-0.42165,-0.24082,0.60657,0.62951,-0.75,1.07,0.11,-0.26203,-0.08804,0.57309,0.77146,-0.76,1.08,0.14,-0.16972,-0.05758,0.65151,0.73717,-0.77,1.09,0.16,-0.16972,-0.05758,0.65151,0.73717,-0.71,1.07,0.09,-0.34396,-0.18778,-0.11307,0.91304,-0.73,1.11,0.13,-0.00564,-0.22078,0.01549,0.97518,-0.75,1.11,0.16,0.37748,-0.20096,0.07445,0.90088,-0.75,1.09,0.18,0.50854,-0.16019,0.09691,0.84044,-0.76,1.08,0.19,0.50854,-0.16019,0.09691,0.84044,-0.7,1.07,0.1,-0.34396,-0.18778,-0.11307,0.91304,-0.71,1.11,0.13,-0.05505,-0.20815,-0.0645,0.97441,-0.73,1.12,0.17,0.3996,-0.21652,0.02537,0.89039,-0.74,1.1,0.19,0.6201,-0.18568,0.01463,0.76209,-0.74,1.08,0.19,0.6201,-0.18568,0.01463,0.76209,-0.68,1.07,0.1,-0.34396,-0.18778,-0.11307,0.91304,-0.69,1.1,0.14,-0.13501,-0.18071,-0.14541,0.96331,-0.7,1.12,0.17,0.42402,-0.25177,-0.05963,0.86791,-0.72,1.1,0.19,0.70017,-0.2733,0.00062,0.6596,-0.72,1.08,0.19,0.70017,-0.2733,0.00062,0.6596,-0.67,1.07,0.11,-0.2615,-0.12692,-0.34332,0.8931,-0.68,1.09,0.14,-0.25852,-0.13753,-0.24898,0.92318,-0.68,1.11,0.17,0.37387,-0.27304,-0.1924,0.86525,-0.69,1.1,0.18,0.68679,-0.36699,-0.07788,0.62256,-0.7,1.08,0.18,0.68679,-0.36699,-0.07788,0.62256,-0.81,1.08,0.19
-0.8,1.45,-0.15,-0.8,1.45,-0.15,-0.85,1.09,0.11,0.30508,-0.06272,-0.1473,-0.93877,-0.86,1.06,0.06,0.30508,-0.06272,-0.1473,-0.93877,-0.82,1.07,0.09,0.42086,-0.21253,0.51041,-0.71916,-0.8,1.09,0.1,0.16622,-0.03965,0.47596,-0.8627,-0.79,1.1,0.13,0.0757,-0.03551,0.55356,-0.8286,-0.79,1.1,0.16,0.0757,-0.03551,0.55356,-0.8286,-0.83,1.08,0.09,0.30508,-0.06272,-0.1473,-0.93877,-0.83,1.11,0.13,0.03968,-0.10098,-0.08109,-0.99078,-0.82,1.12,0.17,-0.27458,-0.12349,-0.07131,-0.95093,-0.82,1.11,0.19,-0.40812,-0.10518,-0.06306,-0.90465,-0.81,1.09,0.2,-0.40812,-0.10518,-0.06306,-0.90465,-0.85,1.07,0.09,0.30508,-0.06272,-0.1473,-0.93877,-0.85,1.11,0.13,0.02213,-0.08887,-0.14023,-0.98587,-0.84,1.12,0.18,-0.31506,-0.13119,-0.11431,-0.93298,-0.84,1.1,0.2,-0.4543,-0.1336,-0.14918,-0.86805,-0.83,1.08,0.21,-0.4543,-0.1336,-0.14918,-0.86805,-0.87,1.07,0.09,0.30508,-0.06272,-0.1473,-0.93877,-0.87,1.1,0.13,0.10655,-0.05552,-0.20633,-0.97108,-0.87,1.11,0.17,-0.26171,-0.14176,-0.20908,-0.9315,-0.86,1.1,0.19,-0.4398,-0.20487,-0.1969,-0.85196,-0.84,1.08,0.21,-0.4398,-0.20487,-0.1969,-0.85196,-0.87,1.07,0.09,0.24448,0.00517,-0.37862,-0.89266,-0.88,1.09,0.13,0.17383,-0.0292,-0.28895,-0.94098,-0.88,1.1,0.16,-0.19031,-0.12026,-0.32612,-0.91813,-0.88,1.09,0.18,-0.32605,-0.21795,-0.30883,-0.86649,-0.87,1.08,0.2,-0.32605,-0.21795,-0.30883,-0.86649,-0.7,1.09,0.12,-0.34242,-0.18856,-0.11182,0.91361,-0.68,1.05,0.07,-0.34242,-0.18856,-0.11182,0.91361,-0.72,1.06,0.09,-0.42152,-0.23944,0.60669,0.63001,-0.75,1.07,0.11,-0.26137,-0.08623,0.57293,0.77201,-0.76,1.08,0.14,-0.16855,-0.05559,0.6512,0.73786,-0.77,1.09,0.16,-0.16855,-0.05559,0.6512,0.73786,-0.71,1.07,0.09,-0.34242,-0.18856,-0.11182,0.91361,-0.73,1.11,0.13,-0.00367,-0.22247,0.01815,0.97476,-0.75,1.11,0.16,0.37582,-0.20173,0.0768,0.9012,-0.75,1.09,0.18,0.50548,-0.16077,0.099,0.84193,-0.76,1.08,0.19,0.50548,-0.16077,0.099,0.84193,-0.7,1.07,0.1,-0.34242,-0.18856,-0.11182,0.91361,-0.71,1.11,0.14,-0.05226,-0.20904,-0.06247,0.97451,-0.73,1.12,0.17,0.40193,-0.21636,0.02753,0.88931,-0.74,1.1,0.19,0.62379,-0.18466,0.01696,0.75928,-0.74,1.08,0.19,0.62379,-0.18466,0.01696,0.75928,-0.68,1.07,0.1,-0.34242,-0.18856,-0.11182,0.91361,-0.69,1.1,0.14,-0.12951,-0.18227,-0.14288,0.96415,-0.7,1.12,0.18,0.42893,-0.25145,-0.05685,0.86577,-0.72,1.1,0.19,0.70553,-0.27175,0.00349,0.65449,-0.73,1.07,0.19,0.70553,-0.27175,0.00349,0.65449,-0.67,1.07,0.11,-0.26002,-0.12726,-0.342,0.894,-0.68,1.09,0.14,-0.249,-0.14115,-0.2465,0.92591,-0.68,1.11,0.17,0.37999,-0.2729,-0.18927,0.86331,-0.69,1.1,0.18,0.69196,-0.36552,-0.07523,0.618,-0.71,1.08,0.18,0.69196,-0.36552,-0.07523,0.618,-0.81,1.08,0.19
-0.8,1.45,-0.15,-0.8,1.45,-0.15,-0.85,1.09,0.11,0.31528,-0.05984,-0.15378,-0.93454,-0.86,1.06,0.06,0.31528,-0.05984,-0.15378,-0.93454,-0.82,1.08,0.09,0.43112,-0.20092,0.50512,-0.72016,-0.8,1.09,0.1,0.1776,-0.03195,0.46659,-0.86587,-0.79,1.1,0.13,0.08245,-0.02516,0.54431,-0.83444,-0.79,1.1,0.16,0.08245,-0.02516,0.54431,-0.83444,-0.83,1.08,0.09,0.31528,-0.05984,-0.15378,-0.93454,-0.83,1.12,0.13,0.04684,-0.09679,-0.08956,-0.99016,-0.82,1.12,0.17,-0.27769,-0.12322,-0.07929,-0.94943,-0.82,1.11,0.19,-0.4128,-0.10615,-0.07067,-0.90185,-0.81,1.09,0.2,-0.4128,-0.10615,-0.07067,-0.90185,-0.85,1.07,0.09,0.31528,-0.05984,-0.15378,-0.93454,-0.85,1.11,0.13,0.01751,-0.09094,-0.14557,-0.985,-0.85,1.12,0.17,-0.33962,-0.13747,-0.11565,-0.92325,-0.84,1.1,0.19,-0.48822,-0.13979,-0.14847,-0.84856,-0.83,1.08,0.21,-0.48822,-0.13979,-0.14847,-0.84856,-0.87,1.07,0.09,0.31528,-0.05984,-0.15378,-0.93454,-0.87,1.1,0.13,0.10544,-0.05778,-0.21254,-0.96973,-0.87,1.11,0.17,-0.27971,-0.14998,-0.21157,-0.92439,-0.86,1.1,0.19,-0.46427,-0.21451,-0.19667,-0.83651,-0.84,1.08,0.2,-0.46427,-0.21451,-0.19667,-0.83651,-0.87,1.07,0.09,0.25412,0.00514,-0.3855,-0.88701,-0.88,1.09,0.13,0.18074,-0.03237,-0.29527,-0.9376,-0.89,1.1,0.16,-0.18983,-0.12843,-0.33015,-0.91568,-0.88,1.09,0.18,-0.33172,-0.22885,-0.30994,-0.86112,-0.87,1.08,0.19,-0.33172,-0.22885,-0.30994,-0.86112,-0.7,1.09,0.12,-0.34117,-0.18816,-0.11051,0.91432,-0.68,1.05,0.07,-0.34117,-0.18816,-0.11051,0.91432,-0.72,1.06,0.09,-0.42162,-0.23879,0.60624,0.63063,-0.75,1.07,0.11,-0.26064,-0.08515,0.57241,0.77277,-0.76,1.08,0.14,-0.16738,-0.0544,0.6506,0.73874,-0.77,1.09,0.16,-0.16738,-0.0544,0.6506,0.73874,-0.71,1.07,0.09,-0.34117,-0.18816,-0.11051,0.91432,-0.73,1.11,0.13,-0.00297,-0.22275,0.01991,0.97467,-0.75,1.11,0.16,0.37485,-0.20143,0.07816,0.90156,-0.75,1.09,0.18,0.50457,-0.16028,0.10028,0.84241,-0.76,1.08,0.19,0.50457,-0.16028,0.10028,0.84241,-0.7,1.07,0.1,-0.34117,-0.18816,-0.11051,0.91432,-0.71,1.11,0.14,-0.04958,-0.20855,-0.06089,0.97485,-0.73,1.12,0.17,0.4042,-0.21517,0.02864,0.88854,-0.74,1.1,0.19,0.62733,-0.18292,0.01799,0.75675,-0.74,1.07,0.19,0.62733,-0.18292,0.01799,0.75675,-0.68,1.07,0.1,-0.34117,-0.18816,-0.11051,0.91432,-0.69,1.1,0.14,-0.12552,-0.18204,-0.14104,0.96499,-0.7,1.11,0.18,0.43149,-0.25003,-0.05588,0.86497,-0.72,1.1,0.19,0.70856,-0.26993,0.00415,0.65196,-0.73,1.07,0.19,0.70856,-0.26993,0.00415,0.65196,-0.67,1.07,0.11,-0.25906,-0.12648,-0.34072,0.89488,-0.68,1.09,0.15,-0.24354,-0.1418,-0.24469,0.92774,-0.68,1.11,0.17,0.38089,-0.27095,-0.18876,0.86364,-0.69,1.09,0.18,0.69268,-0.36353,-0.07574,0.6183,-0.71,1.08,0.18,0.69268,-0.36353,-0.07574,0.6183,-0.81,1.08,0.19
-0.8,1.45,-0.15,-0.8,1.45,-0.15,-0.85,1.1,0.11,0.34431,-0.06567,-0.14733,-0.9249,-0.86,1.06,0.06,0.34431,-0.06567,-0.14733,-0.9249,-0.82,1.08,0.09,0.45315,-0.18715,0.51403,-0.70385,-0.8,1.09,0.1,0.20316,-0.0174,0.47113,-0.85817,-0.79,1.1,0.13,0.09458,0.00018,0.54738,-0.83152,-0.79,1.11,0.16,0.09458,0.00018,0.54738,-0.83152,-0.83,1.08,0.09,0.34431,-0.06567,-0.14733,-0.9249,-0.83,1.12,0.13,0.06785,-0.10054,-0.08025,-0.98937,-0.82,1.13,0.16,-0.2842,-0.12621,-0.06567,-0.94815,-0.82,1.11,0.18,-0.42752,-0.10774,-0.05537,-0.89585,-0.81,1.1,0.2,-0.42752,-0.10774,-0.05537,-0.89585,-0.85,1.08,0.09,0.34431,-0.06567,-0.14733,-0.9249,-0.85,1.12,0.13,0.06172,-0.0935,-0.13921,-0.98391,-0.85,1.13,0.17,-0.30606,-0.13906,-0.1076,-0.93563,-0.84,1.11,0.19,-0.46734,-0.14322,-0.14013,-0.86107,-0.83,1.09,0.21,-0.46734,-0.14322,-0.14013,-0.86107,-0.87,1.07,0.09,0.34431,-0.06567,-0.14733,-0.9249,-0.87,1.11,0.13,0.14933,-0.06288,-0.20639,-0.96496,-0.87,1.12,0.17,-0.24755,-0.15608,-0.20188,-0.93467,-0.86,1.11,0.19,-0.44631,-0.22109,-0.18316,-0.84757,-0.84,1.09,0.2,-0.44631,-0.22109,-0.18316,-0.84757,-0.87,1.07,0.09,0.2821,-0.00775,-0.38123,-0.88036,-0.88,1.09,0.13,0.21528,-0.0435,-0.28853,-0.93194,-0.88,1.11,0.16,-0.16068,-0.1402,-0.31979,-0.92318,-0.88,1.1,0.18,-0.31785,-0.24305,-0.29331,-0.86825,-0.86,1.09,0.19,-0.31785,-0.24305,-0.29331,-0.86825,-0.7,1.09,0.12,-0.34271,-0.18405,-0.11149,0.91446,-0.68,1.05,0.07,-0.34271,-0.18405,-0.11149,0.91446,-0.72,1.06,0.09,-0.42262,-0.2367,0.60426,0.63264,-0.75,1.07,0.11,-0.25861,-0.08165,0.57023,0.77543,-0.76,1.08,0.14,-0.164,-0.05059,0.64823,0.74186,-0.77,1.09,0.16,-0.164,-0.05059,0.64823,0.74186,-0.71,1.07,0.09,-0.34271,-0.18405,-0.11149,0.91446,-0.73,1.11,0.13,-0.02127,-0.21994,0.01354,0.97519,-0.75,1.11,0.16,0.35044,-0.20232,0.06955,0.91182,-0.75,1.1,0.18,0.4821,-0.16261,0.09114,0.85606,-0.76,1.08,0.19,0.4821,-0.16261,0.09114,0.85606,-0.7,1.07,0.1,-0.34271,-0.18405,-0.11149,0.91446,-0.71,1.11,0.14,-0.05641,-0.20414,-0.06456,0.97518,-0.73,1.12,0.17,0.39326,-0.21314,0.02219,0.8941,-0.74,1.1,0.19,0.61667,-0.18347,0.01082,0.76546,-0.74,1.08,0.2,0.61667,-0.18347,0.01082,0.76546,-0.68,1.07,0.1,-0.34271,-0.18405,-0.11149,0.91446,-0.69,1.1,0.14,-0.13055,-0.17676,-0.1442,0.96484,-0.7,1.12,0.18,0.41816,-0.24704,-0.06362,0.87182,-0.72,1.1,0.19,0.696,-0.27045,-0.0046,0.66515,-0.72,1.08,0.19,0.696,-0.27045,-0.0046,0.66515,-0.67,1.07,0.11,-0.26126,-0.12283,-0.34199,0.89426,-0.68,1.09,0.15,-0.2472,-0.13579,-0.24683,0.92711,-0.68,1.11,0.17,0.36774,-0.26588,-0.1965,0.86918,-0.69,1.1,0.18,0.67869,-0.36198,-0.08631,0.63317,-0.7,1.08,0.18,0.67869,-0.36198,-0.08631,0.63317,-0.81,1.08,0.19
-0.8,1.45,-0.15,-0.8,1.45,-0.15,-0.85,1.1,0.11,0.33989,-0.07219,-0.13738,-0.92757,-0.86,1.06,0.06,0.33989,-0.07219,-0.13738,-0.92757,-0.82,1.08,0.09,0.45193,-0.19889,0.51874,-0.69793,-0.8,1.09,0.1,0.19987,-0.02514,0.48023,-0.8537,-0.79,1.1,0.13,0.08652,-0.00305,0.5562,-0.82653,-0.79,1.11,0.16,0.08652,-0.00305,0.5562,-0.82653,-0.83,1.08,0.09,0.33989,-0.07219,-0.13738,-0.92757,-0.83,1.12,0.13,0.07743,-0.11345,-0.06391,-0.98846,-0.82,1.13,0.16,-0.27492,-0.13282,-0.04586,-0.95114,-0.81,1.11,0.18,-0.42402,-0.11164,-0.03425,-0.89809,-0.81,1.1,0.2,-0.42402,-0.11164,-0.03425,-0.89809,-0.85,1.08,0.09,0.33989,-0.07219,-0.13738,-0.92757,-0.85,1.12,0.13,0.126,-0.08727,-0.13483,-0.97894,-0.84,1.13,0.17,-0.24485,-0.13253,-0.10569,-0.95463,-0.84,1.12,0.19,-0.41356,-0.14065,-0.13986,-0.88861,-0.83,1.1,0.21,-0.41356,-0.14065,-0.13986,-0.88861,-0.87,1.07,0.09,0.33989,-0.07219,-0.13738,-0.92757,-0.87,1.11,0.13,0.19482,-0.05619,-0.19925,-0.95874,-0.87,1.12,0.17,-0.20807,-0.14989,-0.19661,-0.94635,-0.86,1.11,0.19,-0.41695,-0.21589,-0.17733,-0.86493,-0.84,1.1,0.2,-0.41695,-0.21589,-0.17733,-0.86493,-0.87,1.07,0.09,0.27781,-0.01259,-0.37141,-0.88584,-0.88,1.09,0.13,0.228,-0.041,-0.27858,-0.93206,-0.88,1.11,0.16,-0.1506,-0.13571,-0.31165,-0.92832,-0.88,1.1,0.18,-0.31897,-0.24027,-0.28353,-0.87186,-0.86,1.09,0.19,-0.31897,-0.24027,-0.28353,-0.87186,-0.7,1.09,0.12,-0.34264,-0.18287,-0.11081,0.91481,-0.68,1.05,0.07,-0.34264,-0.18287,-0.11081,0.91481,-0.72,1.07,0.09,-0.42458,-0.23925,0.60202,0.63251,-0.75,1.07,0.11,-0.25763,-0.08286,0.56908,0.77647,-0.76,1.08,0.14,-0.16172,-0.05086,0.64721,0.74322,-0.77,1.09,0.16,-0.16172,-0.05086,0.64721,0.74322,-0.71,1.07,0.09,-0.34264,-0.18287,-0.11081,0.91481,-0.73,1.11,0.13,-0.0329,-0.21899,0.01091,0.97511,-0.75,1.11,0.16,0.33347,-0.20316,0.06543,0.91828,-0.75,1.1,0.18,0.46582,-0.16424,0.08656,0.86519,-0.76,1.08,0.19,0.46582,-0.16424,0.08656,0.86519,-0.7,1.07,0.1,-0.34264,-0.18287,-0.11081,0.91481,-0.71,1.11,0.14,-0.06443,-0.20101,-0.0669,0.97518,-0.73,1.12,0.17,0.38081,-0.21163,0.01747,0.89994,-0.74,1.1,0.19,0.60294,-0.18431,0.00521,0.77619,-0.74,1.08,0.2,0.60294,-0.18431,0.00521,0.77619,-0.68,1.07,0.1,-0.34264,-0.18287,-0.11081,0.91481,-0.69,1.11,0.14,-0.13873,-0.17251,-0.14631,0.96415,-0.7,1.12,0.18,0.40207,-0.24437,-0.06974,0.87964,-0.72,1.1,0.19,0.67931,-0.27084,-0.01221,0.68193,-0.73,1.08,0.19,0.67931,-0.27084,-0.01221,0.68193,-0.67,1.07,0.11,-0.26153,-0.12161,-0.34141,0.89457,-0.68,1.09,0.15,-0.25199,-0.13099,-0.24744,0.92635,-0.68,1.11,0.17,0.35401,-0.26092,-0.2021,0.87507,-0.69,1.1,0.18,0.66269,-0.35942,-0.09561,0.65002,-0.7,1.08,0.18,0.66269,-0.35942,-0.09561,0.65002,-0.81,1.08,0.19
-0.8,1.45,-0.15,-0.8,1.45,-0.15,-0.84,1.09,0.11,0.3032,-0.0948,-0.1177,-0.94087,-0.85,1.06,0.06,0.3032,-0.0948,-0.1177,-0.94087,-0.82,1.07,0.08,0.4419,-0.2455,0.51319,-0.69361,-0.79,1.08,0.1,0.18945,-0.07106,0.49085,-0.84743,-0.78,1.09,0.13,0.08478,-0.05123,0.57056,-0.81526,-0.78,1.1,0.15,0.08478,-0.05123,0.57056,-0.81526,-0.83,1.08,0.09,0.3032,-0.0948,-0.1177,-0.94087,-0.82,1.11,0.13,0.09746,-0.15091,-0.03685,-0.98304,-0.81,1.12,0.17,-0.21275,-0.15849,-0.01439,-0.96406,-0.8,1.11,0.19,-0.36004,-0.13276,-0.00153,-0.92344,-0.8,1.1,0.2,-0.36004,-0.13276,-0.00153,-0.92344,-0.84,1.07,0.09,0.3032,-0.0948,-0.1177,-0.94087,-0.84,1.11,0.13,0.17146,-0.09291,-0.1199,-0.97344,-0.84,1.13,0.17,-0.20036,-0.13282,-0.08971,-0.96652,-0.83,1.12,0.2,-0.3773,-0.14142,-0.12419,-0.90676,-0.82,1.1,0.21,-0.3773,-0.14142,-0.12419,-0.90676,-0.86,1.07,0.09,0.3032,-0.0948,-0.1177,-0.94087,-0.86,1.1,0.14,0.21951,-0.05785,-0.18146,-0.95684,-0.86,1.12,0.17,-0.1976,-0.14753,-0.17768,-0.95269,-0.85,1.11,0.19,-0.4207,-0.21128,-0.15731,-0.86812,-0.84,1.1,0.21,-0.4207,-0.21128,-0.15731,-0.86812,-0.87,1.07,0.1,0.24013,-0.02466,-0.34955,-0.90529,-0.88,1.09,0.14,0.21688,-0.03984,-0.25782,-0.94069,-0.88,1.1,0.16,-0.16877,-0.12742,-0.29278,-0.9325,-0.87,1.1,0.18,-0.35713,-0.23387,-0.26355,-0.86505,-0.86,1.09,0.19,-0.35713,-0.23387,-0.26355,-0.86505,-0.7,1.09,0.12,-0.34081,-0.18226,-0.11092,0.9156,-0.68,1.05,0.07,-0.34081,-0.18226,-0.11092,0.9156,-0.72,1.07,0.09,-0.42492,-0.2425,0.59986,0.63309,-0.75,1.07,0.11,-0.25601,-0.08545,0.56802,0.77751,-0.76,1.08,0.14,-0.15966,-0.05318,0.64638,0.74423,-0.77,1.09,0.16,-0.15966,-0.05318,0.64638,0.74423,-0.71,1.07,0.09,-0.34081,-0.18226,-0.11092,0.9156,-0.73,1.11,0.13,-0.03287,-0.21962,0.0109,0.97497,-0.75,1.12,0.16,0.33042,-0.20396,0.06497,0.91924,-0.75,1.1,0.18,0.46224,-0.16518,0.08599,0.86698,-0.76,1.08,0.19,0.46224,-0.16518,0.08599,0.86698,-0.7,1.07,0.1,-0.34081,-0.18226,-0.11092,0.9156,-0.71,1.11,0.14,-0.0681,-0.19879,-0.06924,0.97522,-0.73,1.12,0.17,0.37295,-0.21081,0.01334,0.90349,-0.74,1.1,0.19,0.59203,-0.18539,0.00031,0.7843,-0.74,1.08,0.2,0.59203,-0.18539,0.00031,0.7843,-0.68,1.07,0.1,-0.34081,-0.18226,-0.11092,0.9156,-0.69,1.11,0.14,-0.14449,-0.16894,-0.14883,0.96355,-0.7,1.12,0.18,0.39041,-0.24246,-0.07523,0.88495,-0.72,1.1,0.19,0.66505,-0.27153,-0.0193,0.69542,-0.73,1.08,0.19,0.66505,-0.27153,-0.0193,0.69542,-0.67,1.07,0.11,-0.25985,-0.12052,-0.34143,0.89519,-0.68,1.09,0.14,-0.2551,-0.12682,-0.24852,0.92579,-0.68,1.11,0.17,0.34554,-0.25733,-0.2067,0.87844,-0.69,1.1,0.18,0.65137,-0.35758,-0.10314,0.66122,-0.7,1.08,0.18,0.65137,-0.35758,-0.10314,0.66122,-0.81,1.08,0.19
-0.8,1.45,-0.15,-0.8,1.45,-0.15,-0.84,1.09,0.11,0.26378,-0.1161,-0.10153,-0.95217,-0.85,1.06,0.06,0.26378,-0.1161,-0.10153,-0.95217,-0.82,1.07,0.08,0.43797,-0.2822,0.49328,-0.69658,-0.79,1.08,0.1,0.18531,-0.11416,0.48317,-0.84804,-0.78,1.09,0.13,0.09007,-0.09887,0.56682,-0.81291,-0.77,1.09,0.15,0.09007,-0.09887,0.56682,-0.81291,-0.83,1.07,0.09,0.26378,-0.1161,-0.10153,-0.95217,-0.81,1.11,0.13,0.07427,-0.1834,-0.01509,-0.98011,-0.8,1.11,0.17,-0.20199,-0.18256,0.01001,-0.96217,-0.79,1.1,0.19,-0.33634,-0.15329,0.02366,-0.92888,-0.79,1.09,0.2,-0.33634,-0.15329,0.02366,-0.92888,-0.84,1.07,0.09,0.26378,-0.1161,-0.10153,-0.95217,-0.84,1.11,0.14,0.18228,-0.10374,-0.10698,-0.97189,-0.83,1.12,0.18,-0.19545,-0.13869,-0.0729,-0.96812,-0.82,1.11,0.2,-0.38403,-0.14529,-0.10603,-0.90563,-0.81,1.1,0.22,-0.38403,-0.14529,-0.10603,-0.90563,-0.86,1.07,0.09,0.26378,-0.1161,-0.10153,-0.95217,-0.85,1.1,0.14,0.22789,-0.06494,-0.1663,-0.95718,-0.85,1.11,0.17,-0.21791,-0.15244,-0.1572,-0.95109,-0.84,1.1,0.19,-0.46004,-0.21292,-0.13359,-0.85158,-0.83,1.09,0.21,-0.46004,-0.21292,-0.13359,-0.85158,-0.87,1.07,0.1,0.19963,-0.03523,-0.33031,-0.92185,-0.87,1.08,0.14,0.20376,-0.04206,-0.2389,-0.94849,-0.87,1.1,0.17,-0.19585,-0.12462,-0.27367,-0.93339,-0.86,1.09,0.18,-0.41293,-0.23437,-0.24057,-0.84657,-0.85,1.08,0.2,-0.41293,-0.23437,-0.24057,-0.84657,-0.7,1.1,0.12,-0.34257,-0.17906,-0.11353,0.91525,-0.68,1.06,0.07,-0.34257,-0.17906,-0.11353,0.91525,-0.72,1.07,0.09,-0.42703,-0.23973,0.59676,0.63565,-0.75,1.08,0.11,-0.25709,-0.08334,0.56409,0.78023,-0.76,1.09,0.14,-0.16045,-0.05144,0.64257,0.74747,-0.77,1.09,0.16,-0.16045,-0.05144,0.64257,0.74747,-0.71,1.07,0.09,-0.34257,-0.17906,-0.11353,0.91525,-0.73,1.12,0.13,-0.03773,-0.21848,0.00748,0.97508,-0.75,1.12,0.16,0.32593,-0.20427,0.06138,0.92102,-0.75,1.1,0.18,0.45855,-0.16601,0.08243,0.86913,-0.76,1.09,0.19,0.45855,-0.16601,0.08243,0.86913,-0.7,1.07,0.1,-0.34257,-0.17906,-0.11353,0.91525,-0.71,1.12,0.13,-0.07169,-0.19575,-0.07344,0.97527,-0.72,1.12,0.17,0.36584,-0.21003,0.00734,0.90664,-0.73,1.11,0.19,0.58123,-0.18686,-0.00645,0.79197,-0.74,1.08,0.2,0.58123,-0.18686,-0.00645,0.79197,-0.68,1.07,0.1,-0.34257,-0.17906,-0.11353,0.91525,-0.69,1.11,0.14,-0.14935,-0.16462,-0.15333,0.96285,-0.7,1.12,0.17,0.38154,-0.24102,-0.08226,0.88858,-0.71,1.1,0.19,0.65286,-0.27294,-0.02766,0.70605,-0.72,1.08,0.19,0.65286,-0.27294,-0.02766,0.70605,-0.67,1.07,0.11,-0.26186,-0.11789,-0.3442,0.8939,-0.68,1.09,0.14,-0.25957,-0.1205,-0.25249,0.92431,-0.68,1.11,0.17,0.34039,-0.25485,-0.21358,0.87953,-0.69,1.1,0.18,0.64339,-0.35764,-0.11181,0.66757,-0.7,1.08,0.18,0.64339,-0.35764,-0.11181,0.66757,-0.81,1.08,0.19
-0.8,1.45,-0.15,-0.8,1.45,-0.15,-0.84,1.09,0.11,0.23598,-0.10387,-0.08703,-0.96226,-0.85,1.06,0.06,0.23598,-0.10387,-0.08703,-0.96226,-0.82,1.07,0.08,0.44002,-0.27073,0.46331,-0.72002,-0.79,1.08,0.1,0.19077,-0.11835,0.44699,-0.86591,-0.78,1.09,0.13,0.09394,-0.10548,0.53313,-0.83416,-0.77,1.09,0.15,0.09394,-0.10548,0.53313,-0.83416,-0.83,1.07,0.09,0.23598,-0.10387,-0.08703,-0.96226,-0.82,1.1,0.14,0.01726,-0.16843,-0.00032,-0.98556,-0.8,1.1,0.17,-0.2826,-0.16206,0.02424,-0.94514,-0.8,1.09,0.19,-0.43062,-0.12947,0.04,-0.8923,-0.79,1.07,0.21,-0.43062,-0.12947,0.04,-0.8923,-0.84,1.07,0.09,0.23598,-0.10387,-0.08703,-0.96226,-0.84,1.1,0.14,0.13881,-0.09006,-0.09184,-0.98193,-0.83,1.11,0.18,-0.27463,-0.12205,-0.05971,-0.9519,-0.82,1.1,0.2,-0.49744,-0.12368,-0.09417,-0.85346,-0.82,1.08,0.21,-0.49744,-0.12368,-0.09417,-0.85346,-0.86,1.07,0.09,0.23598,-0.10387,-0.08703,-0.96226,-0.86,1.09,0.14,0.21396,-0.04914,-0.1513,-0.9638,-0.85,1.11,0.18,-0.28328,-0.13875,-0.14509,-0.93779,-0.85,1.1,0.2,-0.5575,-0.19883,-0.12104,-0.79687,-0.83,1.08,0.2,-0.5575,-0.19883,-0.12104,-0.79687,-0.87,1.06,0.1,0.1771,-0.01596,-0.31468,-0.93239,-0.87,1.08,0.14,0.21319,-0.02407,-0.22124,-0.95133,-0.87,1.09,0.17,-0.22652,-0.11255,-0.26225,-0.93126,-0.87,1.08,0.18,-0.50329,-0.23479,-0.22017,-0.80193,-0.85,1.07,0.19,-0.50329,-0.23479,-0.22017,-0.80193,-0.7,1.1,0.11,-0.35216,-0.17766,-0.115,0.9117,-0.68,1.06,0.07,-0.35216,-0.17766,-0.115,0.9117,-0.72,1.07,0.09,-0.43294,-0.23172,0.59736,0.63406,-0.75,1.08,0.11,-0.26453,-0.07654,0.56236,0.77969,-0.76,1.09,0.14,-0.16707,-0.04394,0.64057,0.74821,-0.77,1.09,0.16,-0.16707,-0.04394,0.64057,0.74821,-0.71,1.07,0.09,-0.35216,-0.17766,-0.115,0.9117,-0.73,1.12,0.13,-0.04899,-0.21615,0.00476,0.97512,-0.74,1.12,0.16,0.31866,-0.20318,0.05876,0.92397,-0.75,1.11,0.18,0.45298,-0.16528,0.07971,0.87243,-0.76,1.09,0.19,0.45298,-0.16528,0.07971,0.87243,-0.7,1.07,0.1,-0.35216,-0.17766,-0.115,0.9117,-0.71,1.12,0.13,-0.07804,-0.19454,-0.07505,0.9749,-0.72,1.13,0.17,0.36069,-0.20972,0.00554,0.90878,-0.73,1.11,0.19,0.57595,-0.18739,-0.00846,0.79568,-0.74,1.09,0.2,0.57595,-0.18739,-0.00846,0.79568,-0.68,1.07,0.1,-0.35216,-0.17766,-0.115,0.9117,-0.69,1.11,0.14,-0.15564,-0.16378,-0.15531,0.96168,-0.7,1.12,0.17,0.3764,-0.24167,-0.08401,0.89043,-0.71,1.11,0.19,0.64826,-0.27429,-0.02908,0.7097,-0.72,1.08,0.19,0.64826,-0.27429,-0.02908,0.7097,-0.67,1.07,0.11,-0.27128,-0.11905,-0.34625,0.89014,-0.67,1.1,0.14,-0.27218,-0.11725,-0.25571,0.92021,-0.68,1.11,0.17,0.33123,-0.25602,-0.217,0.88184,-0.69,1.1,0.18,0.63572,-0.36012,-0.11408,0.67317,-0.7,1.09,0.18,0.63572,-0.36012,-0.11408,0.67317,-0.81,1.08,0.19
-0.8,1.45,-0.15,-0.8,1.45,-0.15,-0.84,1.09,0.12,0.24189,-0.08097,-0.09925,-0.96181,-0.85,1.06,0.06,0.24189,-0.08097,-0.09925,-0.96181,-0.82,1.07,0.09,0.45348,-0.23819,0.43959,-0.73782,-0.79,1.08,0.1,0.21548,-0.10294,0.40959,-0.88046,-0.78,1.09,0.13,0.12227,-0.09504,0.49697,-0.85384,-0.78,1.1,0.15,0.12227,-0.09504,0.49697,-0.85384,-0.83,1.07,0.09,0.24189,-0.08097,-0.09925,-0.96181,-0.82,1.1,0.14,0.01889,-0.15133,-0.01519,-0.98819,-0.81,1.1,0.17,-0.28677,-0.15021,0.00574,-0.94613,-0.8,1.09,0.19,-0.44891,-0.12043,0.02212,-0.88515,-0.8,1.07,0.21,-0.44891,-0.12043,0.02212,-0.88515,-0.85,1.07,0.09,0.24189,-0.08097,-0.09925,-0.96181,-0.84,1.1,0.14,0.14699,-0.06995,-0.10601,-0.98095,-0.84,1.12,0.18,-0.24871,-0.10805,-0.08282,-0.95896,-0.83,1.1,0.2,-0.47243,-0.11727,-0.12009,-0.86524,-0.82,1.08,0.22,-0.47243,-0.11727,-0.12009,-0.86524,-0.86,1.07,0.09,0.24189,-0.08097,-0.09925,-0.96181,-0.86,1.09,0.14,0.23105,-0.0286,-0.1638,-0.95863,-0.86,1.11,0.18,-0.25513,-0.12592,-0.16663,-0.94408,-0.85,1.1,0.2,-0.53645,-0.1946,-0.14404,-0.80846,-0.84,1.08,0.21,-0.53645,-0.1946,-0.14404,-0.80846,-0.87,1.06,0.1,0.18586,0.0047,-0.32767,-0.92632,-0.88,1.08,0.14,0.24656,-0.00272,-0.23177,-0.941,-0.88,1.09,0.16,-0.20658,-0.10516,-0.27988,-0.93163,-0.87,1.09,0.18,-0.50986,-0.24032,-0.23187,-0.7928,-0.86,1.07,0.19,-0.50986,-0.24032,-0.23187,-0.7928,-0.7,1.1,0.11,-0.35066,-0.17875,-0.11636,0.91189,-0.68,1.06,0.07,-0.35066,-0.17875,-0.11636,0.91189,-0.72,1.07,0.09,-0.43223,-0.23368,0.59667,0.63447,-0.75,1.08,0.11,-0.26421,-0.07901,0.56209,0.77975,-0.76,1.09,0.14,-0.16524,-0.04502,0.64047,0.74864,-0.77,1.09,0.16,-0.16524,-0.04502,0.64047,0.74864,-0.71,1.07,0.09,-0.35066,-0.17875,-0.11636,0.91189,-0.73,1.12,0.13,-0.04716,-0.21631,0.00279,0.97518,-0.75,1.12,0.16,0.32592,-0.20366,0.05822,0.92136,-0.75,1.11,0.18,0.46202,-0.16559,0.07992,0.8676,-0.76,1.09,0.19,0.46202,-0.16559,0.07992,0.8676,-0.7,1.07,0.1,-0.35066,-0.17875,-0.11636,0.91189,-0.71,1.12,0.13,-0.07056,-0.19577,-0.07526,0.97521,-0.72,1.13,0.17,0.36902,-0.21081,0.00622,0.90517,-0.73,1.11,0.19,0.584,-0.18766,-0.00729,0.78973,-0.74,1.08,0.2,0.584,-0.18766,-0.00729,0.78973,-0.68,1.07,0.1,-0.35066,-0.17875,-0.11636,0.91189,-0.69,1.11,0.14,-0.1498,-0.16473,-0.15613,0.96231,-0.7,1.12,0.17,0.3844,-0.2429,-0.08366,0.8867,-0.71,1.11,0.19,0.65577,-0.27504,-0.02817,0.70252,-0.72,1.08,0.19,0.65577,-0.27504,-0.02817,0.70252,-0.67,1.07,0.11,-0.26942,-0.11979,-0.34738,0.89016,-0.68,1.1,0.14,-0.27117,-0.11605,-0.25749,0.92016,-0.68,1.11,0.17,0.34045,-0.25795,-0.21705,0.87775,-0.69,1.1,0.18,0.64484,-0.36203,-0.11272,0.66363,-0.7,1.09,0.18,0.64484,-0.36203,-0.11272,0.66363,-0.81,1.08,0.19
-0.8,1.45,-0.15,-0.8,1.45,-0.15,-0.85,1.09,0.11,0.26236,-0.07553,-0.14303,-0.95132,-0.86,1.06,0.06,0.26236,-0.07553,-0.14303,-0.95132,-0.82,1.07,0.09,0.47509,-0.21324,0.41285,-0.74725,-0.8,1.09,0.1,0.23772,-0.08992,0.37454,-0.8917,-0.79,1.1,0.13,0.14737,-0.08571,0.4631,-0.86976,-0.78,1.11,0.15,0.14737,-0.08571,0.4631,-0.86976,-0.83,1.08,0.09,0.26236,-0.07553,-0.14303,-0.95132,-0.82,1.11,0.14,0.03563,-0.15841,-0.05482,-0.98521,-0.81,1.11,0.17,-0.26667,-0.16934,-0.03036,-0.94831,-0.81,1.1,0.19,-0.42829,-0.14576,-0.01104,-0.89174,-0.8,1.08,0.21,-0.42829,-0.14576,-0.01104,-0.89174,-0.85,1.07,0.09,0.26236,-0.07553,-0.14303,-0.95132,-0.85,1.11,0.14,0.15693,-0.07463,-0.1483,-0.97356,-0.84,1.12,0.18,-0.2156,-0.12635,-0.12259,-0.96048,-0.83,1.11,0.2,-0.43268,-0.14542,-0.15475,-0.87618,-0.83,1.09,0.22,-0.43268,-0.14542,-0.15475,-0.87618,-0.86,1.07,0.09,0.26236,-0.07553,-0.14303,-0.95132,-0.86,1.1,0.14,0.24064,-0.03179,-0.20684,-0.94779,-0.86,1.11,0.17,-0.23113,-0.14748,-0.20362,-0.93988,-0.86,1.1,0.2,-0.50866,-0.22654,-0.17216,-0.81259,-0.84,1.09,0.21,-0.50866,-0.22654,-0.17216,-0.81259,-0.87,1.06,0.1,0.20085,0.00345,-0.37085,-0.90671,-0.88,1.08,0.14,0.26257,-0.00599,-0.27502,-0.92487,-0.88,1.1,0.16,-0.19367,-0.13142,-0.31537,-0.91965,-0.88,1.09,0.18,-0.4936,-0.27735,-0.25463,-0.78396,-0.86,1.08,0.19,-0.4936,-0.27735,-0.25463,-0.78396,-0.7,1.1,0.11,-0.34876,-0.18062,-0.11911,0.9119,-0.68,1.06,0.07,-0.34876,-0.18062,-0.11911,0.9119,-0.72,1.07,0.09,-0.43121,-0.23557,0.59568,0.6354,-0.75,1.08,0.11,-0.26354,-0.08151,0.56145,0.78018,-0.76,1.09,0.14,-0.16257,-0.0458,0.64004,0.74955,-0.77,1.09,0.16,-0.16257,-0.0458,0.64004,0.74955,-0.71,1.07,0.09,-0.34876,-0.18062,-0.11911,0.9119,-0.73,1.12,0.13,-0.04575,-0.21785,-0.00029,0.97491,-0.75,1.12,0.16,0.33166,-0.20593,0.05696,0.91889,-0.75,1.1,0.18,0.4697,-0.16779,0.07969,0.86306,-0.76,1.09,0.19,0.4697,-0.16779,0.07969,0.86306,-0.7,1.07,0.09,-0.34876,-0.18062,-0.11911,0.9119,-0.71,1.12,0.13,-0.06451,-0.19872,-0.07642,0.97494,-0.72,1.12,0.17,0.37581,-0.21388,0.00682,0.90165,-0.73,1.11,0.19,0.59143,-0.18992,-0.00562,0.78365,-0.74,1.08,0.19,0.59143,-0.18992,-0.00562,0.78365,-0.68,1.07,0.1,-0.34876,-0.18062,-0.11911,0.9119,-0.69,1.11,0.14,-0.14342,-0.1677,-0.15755,0.96254,-0.7,1.12,0.17,0.39549,-0.24635,-0.08202,0.881,-0.71,1.1,0.19,0.66796,-0.27725,-0.0246,0.69019,-0.73,1.08,0.19,0.66796,-0.27725,-0.0246,0.69019,-0.67,1.07,0.11,-0.2668,-0.12125,-0.34974,0.88983,-0.68,1.09,0.14,-0.26826,-0.11757,-0.25997,0.92013,-0.68,1.11,0.17,0.35433,-0.26299,-0.21523,0.87119,-0.69,1.1,0.18,0.66175,-0.36646,-0.10638,0.64535,-0.7,1.09,0.18,0.66175,-0.36646,-0.10638,0.64535,-0.81,1.08,0.19
-0.8,1.45,-0.15,-0.8,1.45,-0.15,-0.85,1.09,0.11,0.29679,-0.07073,-0.17039,-0.93695,-0.86,1.06,0.06,0.29679,-0.07073,-0.17039,-0.93695,-0.82,1.08,0.08,0.48337,-0.19338,0.42584,-0.74001,-0.8,1.09,0.1,0.24608,-0.06652,0.38196,-0.88833,-0.79,1.11,0.13,0.15044,-0.05934,0.4686,-0.86848,-0.78,1.11,0.15,0.15044,-0.05934,0.4686,-0.86848,-0.83,1.08,0.09,0.29679,-0.07073,-0.17039,-0.93695,-0.83,1.12,0.13,0.0615,-0.15891,-0.07833,-0.98226,-0.82,1.12,0.17,-0.24618,-0.17784,-0.05156,-0.95137,-0.81,1.11,0.19,-0.4058,-0.15789,-0.03166,-0.89966,-0.8,1.09,0.2,-0.4058,-0.15789,-0.03166,-0.89966,-0.85,1.07,0.09,0.29679,-0.07073,-0.17039,-0.93695,-0.85,1.11,0.14,0.15657,-0.08137,-0.17283,-0.96902,-0.85,1.13,0.17,-0.22749,-0.14364,-0.14088,-0.95277,-0.84,1.12,0.2,-0.44374,-0.16554,-0.16823,-0.86452,-0.83,1.1,0.21,-0.44374,-0.16554,-0.16823,-0.86452,-0.87,1.07,0.09,0.29679,-0.07073,-0.17039,-0.93695,-0.87,1.1,0.14,0.22702,-0.04226,-0.2331,-0.94464,-0.87,1.12,0.17,-0.24831,-0.16995,-0.22087,-0.92773,-0.86,1.11,0.19,-0.52142,-0.25261,-0.18177,-0.79453,-0.84,1.09,0.2,-0.52142,-0.25261,-0.18177,-0.79453,-0.87,1.07,0.1,0.2316,-0.00154,-0.39929,-0.88709,-0.88,1.08,0.14,0.25747,-0.02077,-0.30455,-0.9168,-0.88,1.1,0.16,-0.20661,-0.16144,-0.33279,-0.90582,-0.88,1.09,0.18,-0.49565,-0.30966,-0.26232,-0.76788,-0.86,1.08,0.19,-0.49565,-0.30966,-0.26232,-0.76788,-0.7,1.1,0.11,-0.34706,-0.18166,-0.12007,0.91221,-0.68,1.06,0.07,-0.34706,-0.18166,-0.12007,0.91221,-0.72,1.07,0.09,-0.43065,-0.23611,0.59498,0.63624,-0.75,1.08,0.11,-0.2628,-0.08219,0.56086,0.78078,-0.76,1.09,0.14,-0.16066,-0.04562,0.6395,0.75044,-0.77,1.09,0.16,-0.16066,-0.04562,0.6395,0.75044,-0.71,1.07,0.09,-0.34706,-0.18166,-0.12007,0.91221,-0.73,1.12,0.13,-0.04357,-0.21823,-0.00154,0.97492,-0.75,1.12,0.16,0.33395,-0.20668,0.056,0.91794,-0.75,1.1,0.18,0.47258,-0.16861,0.07908,0.86139,-0.76,1.09,0.19,0.47258,-0.16861,0.07908,0.86139,-0.7,1.07,0.1,-0.34706,-0.18166,-0.12007,0.91221,-0.71,1.12,0.13,-0.06063,-0.20033,-0.07641,0.97486,-0.72,1.12,0.17,0.37934,-0.21527,0.00754,0.89983,-0.74,1.11,0.19,0.59524,-0.1908,-0.0044,0.78055,-0.74,1.08,0.19,0.59524,-0.1908,-0.0044,0.78055,-0.68,1.07,0.1,-0.34706,-0.18166,-0.12007,0.91221,-0.69,1.11,0.14,-0.1398,-0.16924,-0.15778,0.96277,-0.7,1.12,0.17,0.40105,-0.24782,-0.08085,0.87818,-0.72,1.1,0.19,0.67449,-0.27797,-0.02243,0.68359,-0.73,1.08,0.19,0.67449,-0.27797,-0.02243,0.68359,-0.67,1.07,0.11,-0.26481,-0.12189,-0.35047,0.89005,-0.68,1.09,0.14,-0.26607,-0.11891,-0.26055,0.92042,-0.68,1.11,0.17,0.36001,-0.26504,-0.21395,0.86855,-0.69,1.1,0.18,0.67021,-0.36819,-0.10245,0.63621,-0.7,1.08,0.18,0.67021,-0.36819,-0.10245,0.63621,-0.81,1.08,0.19
-0.8,1.45,-0.15,-0.8,1.45,-0.15,-0.85,1.1,0.1,0.35182,-0.06803,-0.17132,-0.91774,-0.86,1.06,0.05,0.35182,-0.06803,-0.17132,-0.91774,-0.82,1.08,0.08,0.47217,-0.17597,0.49046,-0.71102,-0.8,1.1,0.1,0.23468,-0.02424,0.44253,-0.86516,-0.79,1.11,0.13,0.12095,-0.00346,0.52142,-0.84468,-0.79,1.12,0.15,0.12095,-0.00346,0.52142,-0.84468,-0.83,1.08,0.08,0.35182,-0.06803,-0.17132,-0.91774,-0.83,1.12,0.12,0.0885,-0.15029,-0.0746,-0.98184,-0.82,1.13,0.16,-0.27019,-0.17165,-0.04155,-0.94647,-0.81,1.12,0.18,-0.42593,-0.14973,-0.02266,-0.89199,-0.81,1.1,0.19,-0.42593,-0.14973,-0.02266,-0.89199,-0.85,1.08,0.08,0.35182,-0.06803,-0.17132,-0.91774,-0.85,1.12,0.13,0.1113,-0.09816,-0.16458,-0.97514,-0.85,1.13,0.17,-0.37133,-0.16806,-0.10973,-0.90655,-0.84,1.12,0.18,-0.60735,-0.17544,-0.12679,-0.76438,-0.83,1.09,0.19,-0.60735,-0.17544,-0.12679,-0.76438,-0.87,1.08,0.09,0.35182,-0.06803,-0.17132,-0.91774,-0.87,1.11,0.13,0.16773,-0.07015,-0.22915,-0.95626,-0.87,1.12,0.16,-0.37613,-0.2049,-0.19181,-0.88304,-0.85,1.11,0.18,-0.65223,-0.27585,-0.13951,-0.69213,-0.84,1.09,0.18,-0.65223,-0.27585,-0.13951,-0.69213,-0.87,1.07,0.09,0.28564,-0.01303,-0.40398,-0.86893,-0.88,1.09,0.13,0.23997,-0.04858,-0.30983,-0.91873,-0.89,1.11,0.15,-0.28588,-0.20783,-0.3137,-0.88129,-0.87,1.1,0.17,-0.56616,-0.34656,-0.23005,-0.71165,-0.86,1.09,0.17,-0.56616,-0.34656,-0.23005,-0.71165,-0.7,1.1,0.11,-0.34518,-0.18361,-0.12234,0.91223,-0.68,1.06,0.07,-0.34518,-0.18361,-0.12234,0.91223,-0.72,1.07,0.09,-0.43157,-0.23664,0.59257,0.63766,-0.75,1.08,0.11,-0.26425,-0.08412,0.55833,0.7819,-0.76,1.09,0.14,-0.1607,-0.04643,0.63731,0.75223,-0.77,1.09,0.16,-0.1607,-0.04643,0.63731,0.75223,-0.71,1.07,0.09,-0.34518,-0.18361,-0.12234,0.91223,-0.73,1.12,0.13,-0.04027,-0.21949,-0.0038,0.97478,-0.75,1.12,0.16,0.3393,-0.20849,0.05491,0.91564,-0.75,1.1,0.18,0.47909,-0.1704,0.07878,0.85746,-0.76,1.09,0.19,0.47909,-0.1704,0.07878,0.85746,-0.7,1.07,0.1,-0.34518,-0.18361,-0.12234,0.91223,-0.71,1.12,0.13,-0.05622,-0.20328,-0.07727,0.97445,-0.73,1.12,0.17,0.38266,-0.21824,0.00796,0.89771,-0.74,1.1,0.19,0.59883,-0.1933,-0.00308,0.77719,-0.74,1.08,0.19,0.59883,-0.1933,-0.00308,0.77719,-0.68,1.07,0.1,-0.34518,-0.18361,-0.12234,0.91223,-0.69,1.11,0.14,-0.13603,-0.17222,-0.15892,0.96259,-0.7,1.12,0.17,0.40626,-0.25095,-0.07975,0.87499,-0.72,1.1,0.19,0.6803,-0.28026,-0.01982,0.67695,-0.73,1.08,0.19,0.6803,-0.28026,-0.01982,0.67695,-0.67,1.07,0.11,-0.26226,-0.12342,-0.35238,0.88984,-0.68,1.09,0.14,-0.26326,-0.12164,-0.26221,0.92041,-0.68,1.11,0.17,0.36647,-0.26886,-0.21253,0.86501,-0.69,1.1,0.18,0.67843,-0.37136,-0.09794,0.62628,-0.7,1.08,0.18,0.67843,-0.37136,-0.09794,0.62628,-0.81,1.08,0.19
-0.8,1.45,-0.15,-0.8,1.45,-0.15,-0.85,1.1,0.1,0.37226,-0.07511,-0.15237,-0.91245,-0.86,1.06,0.05,0.37226,-0.07511,-0.15237,-0.91245,-0.82,1.08,0.08,0.45385,-0.17735,0.53706,-0.68858,-0.8,1.09,0.1,0.22306,-0.00888,0.48987,-0.84273,-0.79,1.11,0.13,0.09503,0.02582,0.56287,-0.82066,-0.79,1.11,0.15,0.09503,0.02582,0.56287,-0.82066,-0.83,1.08,0.08,0.37226,-0.07511,-0.15237,-0.91245,-0.83,1.13,0.12,0.08524,-0.13821,-0.05957,-0.98493,-0.82,1.13,0.16,-0.31643,-0.15624,-0.0248,-0.93533,-0.81,1.12,0.17,-0.47173,-0.13131,-0.00696,-0.87188,-0.81,1.1,0.19,-0.47173,-0.13131,-0.00696,-0.87188,-0.85,1.08,0.08,0.37226,-0.07511,-0.15237,-0.91245,-0.85,1.12,0.12,0.05959,-0.10986,-0.1374,-0.9826,-0.84,1.13,0.16,-0.43939,-0.16629,-0.07694,-0.87941,-0.83,1.11,0.18,-0.68731,-0.16094,-0.09195,-0.70232,-0.83,1.09,0.18,-0.68731,-0.16094,-0.09195,-0.70232,-0.87,1.08,0.09,0.37226,-0.07511,-0.15237,-0.91245,-0.87,1.11,0.12,0.12707,-0.08367,-0.20729,-0.96638,-0.87,1.12,0.16,-0.41986,-0.20346,-0.16652,-0.86867,-0.85,1.11,0.18,-0.70247,-0.26581,-0.11299,-0.65047,-0.84,1.09,0.17,-0.70247,-0.26581,-0.11299,-0.65047,-0.87,1.07,0.09,0.30672,-0.02451,-0.38728,-0.8691,-0.88,1.1,0.13,0.23046,-0.05686,-0.29518,-0.92549,-0.88,1.11,0.15,-0.31298,-0.21111,-0.29447,-0.87793,-0.87,1.1,0.17,-0.60231,-0.34554,-0.20725,-0.68911,-0.86,1.09,0.17,-0.60231,-0.34554,-0.20725,-0.68911,-0.7,1.09,0.11,-0.34314,-0.18459,-0.12166,0.9129,-0.68,1.06,0.07,-0.34314,-0.18459,-0.12166,0.9129,-0.72,1.07,0.09,-0.42913,-0.23777,0.59404,0.63751,-0.75,1.08,0.11,-0.26365,-0.08594,0.55985,0.78082,-0.76,1.09,0.14,-0.1605,-0.04826,0.63889,0.75082,-0.77,1.09,0.16,-0.1605,-0.04826,0.63889,0.75082,-0.71,1.07,0.09,-0.34314,-0.18459,-0.12166,0.9129,-0.73,1.12,0.13,-0.03529,-0.21866,-0.00344,0.97516,-0.75,1.12,0.16,0.34605,-0.20734,0.05536,0.91334,-0.75,1.1,0.18,0.48722,-0.16898,0.07966,0.85306,-0.76,1.08,0.19,0.48722,-0.16898,0.07966,0.85306,-0.7,1.07,0.1,-0.34314,-0.18459,-0.12166,0.9129,-0.71,1.12,0.13,-0.05112,-0.20414,-0.07574,0.97467,-0.73,1.12,0.17,0.38621,-0.21828,0.00944,0.89616,-0.74,1.1,0.19,0.60154,-0.19276,-0.00163,0.77524,-0.74,1.08,0.19,0.60154,-0.19276,-0.00163,0.77524,-0.68,1.07,0.1,-0.34314,-0.18459,-0.12166,0.9129,-0.69,1.11,0.14,-0.13262,-0.17311,-0.15774,0.9631,-0.7,1.12,0.17,0.40947,-0.25093,-0.07834,0.87363,-0.72,1.1,0.19,0.6828,-0.27967,-0.0186,0.6747,-0.73,1.08,0.19,0.6828,-0.27967,-0.0186,0.6747,-0.67,1.07,0.11,-0.26016,-0.12384,-0.35156,0.89072,-0.68,1.09,0.14,-0.26148,-0.12235,-0.26131,0.92107,-0.68,1.11,0.17,0.37098,-0.2693,-0.21073,0.86339,-0.69,1.1,0.18,0.68328,-0.3711,-0.09561,0.62151,-0.7,1.08,0.18,0.68328,-0.3711,-0.09561,0.62151,-0.81,1.08,0.19
-0.8,1.45,-0.15,-0.8,1.45,-0.15,-0.85,1.1,0.11,0.35925,-0.06447,-0.15613,-0.91783,-0.86,1.06,0.06,0.35925,-0.06447,-0.15613,-0.91783,-0.82,1.08,0.08,0.43664,-0.17958,0.53666,-0.69935,-0.8,1.09,0.1,0.20756,-0.01189,0.48969,-0.84675,-0.79,1.1,0.13,0.07474,0.02461,0.56206,-0.82335,-0.79,1.11,0.16,0.07474,0.02461,0.56206,-0.82335,-0.84,1.08,0.08,0.35925,-0.06447,-0.15613,-0.91783,-0.83,1.12,0.12,0.03483,-0.12479,-0.06692,-0.98931,-0.82,1.13,0.16,-0.37648,-0.14608,-0.03518,-0.91416,-0.82,1.11,0.18,-0.53169,-0.12263,-0.01643,-0.83785,-0.81,1.09,0.19,-0.53169,-0.12263,-0.01643,-0.83785,-0.85,1.08,0.08,0.35925,-0.06447,-0.15613,-0.91783,-0.85,1.12,0.13,0.03209,-0.1014,-0.14374,-0.98388,-0.85,1.13,0.17,-0.45289,-0.16068,-0.08871,-0.87247,-0.84,1.11,0.18,-0.69697,-0.15797,-0.10457,-0.69163,-0.83,1.08,0.18,-0.69697,-0.15797,-0.10457,-0.69163,-0.87,1.08,0.09,0.35925,-0.06447,-0.15613,-0.91783,-0.87,1.11,0.13,0.10723,-0.0717,-0.21435,-0.9682,-0.87,1.12,0.17,-0.43179,-0.19547,-0.18038,-0.86186,-0.85,1.1,0.18,-0.71361,-0.26322,-0.128,-0.63647,-0.84,1.08,0.18,-0.71361,-0.26322,-0.128,-0.63647,-0.88,1.07,0.09,0.2957,-0.01084,-0.3904,-0.8718,-0.88,1.09,0.13,0.20678,-0.03516,-0.30485,-0.92902,-0.89,1.11,0.16,-0.34425,-0.19994,-0.31216,-0.8626,-0.88,1.1,0.17,-0.62927,-0.34241,-0.22722,-0.65966,-0.86,1.08,0.17,-0.62927,-0.34241,-0.22722,-0.65966,-0.7,1.09,0.12,-0.33789,-0.18575,-0.11451,0.91554,-0.68,1.05,0.07,-0.33789,-0.18575,-0.11451,0.91554,-0.72,1.07,0.09,-0.4225,-0.24308,0.5999,0.63446,-0.75,1.07,0.11,-0.25981,-0.09068,0.56701,0.77639,-0.76,1.08,0.14,-0.15903,-0.0539,0.64593,0.7447,-0.77,1.09,0.16,-0.15903,-0.0539,0.64593,0.7447,-0.71,1.07,0.09,-0.33789,-0.18575,-0.11451,0.91554,-0.73,1.11,0.13,-0.02519,-0.21772,0.00478,0.97567,-0.75,1.11,0.16,0.35922,-0.20281,0.06338,0.90874,-0.75,1.1,0.18,0.50203,-0.16288,0.08784,0.84482,-0.76,1.08,0.19,0.50203,-0.16288,0.08784,0.84482,-0.7,1.07,0.1,-0.33789,-0.18575,-0.11451,0.91554,-0.71,1.11,0.14,-0.0471,-0.20217,-0.0694,0.97575,-0.73,1.12,0.17,0.39115,-0.21366,0.01444,0.89506,-0.74,1.1,0.19,0.60783,-0.1866,0.00243,0.77183,-0.74,1.08,0.2,0.60783,-0.1866,0.00243,0.77183,-0.68,1.07,0.1,-0.33789,-0.18575,-0.11451,0.91554,-0.69,1.11,0.14,-0.12873,-0.17144,-0.15101,0.965,-0.7,1.12,0.18,0.41528,-0.24589,-0.07333,0.87276,-0.72,1.1,0.19,0.68976,-0.273,-0.01518,0.67043,-0.73,1.08,0.19,0.68976,-0.273,-0.01518,0.67043,-0.67,1.07,0.11,-0.2558,-0.12337,-0.34441,0.89483,-0.68,1.09,0.14,-0.25812,-0.1206,-0.25439,0.92418,-0.68,1.11,0.17,0.37696,-0.26374,-0.20617,0.86362,-0.69,1.1,0.18,0.69067,-0.36433,-0.09315,0.61771,-0.7,1.08,0.18,0.69067,-0.36433,-0.09315,0.61771,-0.81,1.08,0.19
-0.8,1.45,-0.15,-0.8,1.45,-0.15,-0.86,1.1,0.11,0.31332,-0.04057,-0.22377,-0.92201,-0.86,1.06,0.06,0.31332,-0.04057,-0.22377,-0.92201,-0.83,1.08,0.09,0.41883,-0.1827,0.47171,-0.75412,-0.8,1.1,0.11,0.1782,-0.0346,0.42469,-0.88696,-0.8,1.11,0.14,0.05513,-0.0158,0.5031,-0.86233,-0.8,1.11,0.16,0.05513,-0.0158,0.5031,-0.86233,-0.84,1.08,0.09,0.31332,-0.04057,-0.22377,-0.92201,-0.84,1.12,0.13,-0.01432,-0.12652,-0.14037,-0.98188,-0.83,1.12,0.17,-0.40671,-0.17514,-0.1037,-0.8906,-0.82,1.1,0.18,-0.55654,-0.16277,-0.07845,-0.81094,-0.81,1.09,0.19,-0.55654,-0.16277,-0.07845,-0.81094,-0.85,1.08,0.09,0.31332,-0.04057,-0.22377,-0.92201,-0.86,1.12,0.13,-0.00694,-0.09611,-0.21749,-0.97129,-0.85,1.12,0.18,-0.47752,-0.19094,-0.15627,-0.84326,-0.84,1.1,0.19,-0.71354,-0.20451,-0.15835,-0.65112,-0.83,1.08,0.19,-0.71354,-0.20451,-0.15835,-0.65112,-0.87,1.07,0.09,0.31332,-0.04057,-0.22377,-0.92201,-0.88,1.1,0.14,0.06617,-0.05701,-0.28534,-0.95444,-0.87,1.11,0.17,-0.45752,-0.21959,-0.24797,-0.82521,-0.86,1.09,0.19,-0.72235,-0.30847,-0.18236,-0.59144,-0.84,1.07,0.18,-0.72235,-0.30847,-0.18236,-0.59144,-0.88,1.07,0.09,0.24662,0.02116,-0.45074,-0.85765,-0.89,1.08,0.13,0.15359,-0.00708,-0.37254,-0.91519,-0.89,1.09,0.16,-0.38263,-0.2109,-0.38141,-0.81465,-0.88,1.08,0.18,-0.64341,-0.37653,-0.28904,-0.60059,-0.86,1.07,0.17,-0.64341,-0.37653,-0.28904,-0.60059,-0.7,1.09,0.12,-0.33612,-0.18238,-0.11178,0.91721,-0.68,1.05,0.07,-0.33612,-0.18238,-0.11178,0.91721,-0.72,1.07,0.09,-0.41764,-0.24285,0.60284,0.63497,-0.75,1.07,0.11,-0.25661,-0.09042,0.56972,0.7755,-0.76,1.08,0.14,-0.16028,-0.0574,0.64839,0.74203,-0.77,1.09,0.16,-0.16028,-0.0574,0.64839,0.74203,-0.71,1.07,0.09,-0.33612,-0.18238,-0.11178,0.91721,-0.73,1.11,0.13,-0.02162,-0.21479,0.00738,0.97639,-0.75,1.11,0.16,0.36469,-0.19888,0.06504,0.90732,-0.75,1.1,0.18,0.50805,-0.15858,0.0892,0.84189,-0.76,1.08,0.19,0.50805,-0.15858,0.0892,0.84189,-0.7,1.07,0.1,-0.33612,-0.18238,-0.11178,0.91721,-0.71,1.11,0.14,-0.0524,-0.197,-0.06975,0.97651,-0.72,1.12,0.17,0.39042,-0.20919,0.01271,0.89647,-0.73,1.1,0.19,0.60992,-0.18254,-3e-05,0.77115,-0.74,1.08,0.2,0.60992,-0.18254,-3e-05,0.77115,-0.68,1.07,0.1,-0.33612,-0.18238,-0.11178,0.91721,-0.69,1.1,0.14,-0.13291,-0.16656,-0.15005,0.96544,-0.7,1.12,0.18,0.41379,-0.2416,-0.07459,0.87455,-0.71,1.1,0.19,0.69025,-0.26941,-0.01738,0.67132,-0.72,1.08,0.19,0.69025,-0.26941,-0.01738,0.67132,-0.67,1.07,0.11,-0.25513,-0.11946,-0.34193,0.8965,-0.68,1.09,0.14,-0.25772,-0.11678,-0.25183,0.92549,-0.68,1.11,0.17,0.37638,-0.25882,-0.20696,0.86517,-0.69,1.1,0.18,0.69104,-0.36029,-0.09572,0.61927,-0.7,1.08,0.18,0.69104,-0.36029,-0.09572,0.61927,-0.81,1.08,0.19
-0.8,1.45,-0.15,-0.8,1.45,-0.15,-0.86,1.1,0.11,0.32866,-0.04306,-0.20069,-0.92188,-0.86,1.06,0.06,0.32866,-0.04306,-0.20069,-0.92188,-0.83,1.08,0.09,0.42494,-0.17733,0.49195,-0.7389,-0.8,1.1,0.11,0.19152,-0.02547,0.44311,-0.8754,-0.8,1.11,0.14,0.07601,-0.00785,0.52063,-0.85035,-0.79,1.11,0.16,0.07601,-0.00785,0.52063,-0.85035,-0.84,1.08,0.09,0.32866,-0.04306,-0.20069,-0.92188,-0.84,1.12,0.13,0.00102,-0.12133,-0.11662,-0.98574,-0.83,1.12,0.17,-0.3908,-0.16102,-0.08463,-0.90232,-0.82,1.11,0.18,-0.54123,-0.14555,-0.0628,-0.8258,-0.81,1.09,0.19,-0.54123,-0.14555,-0.0628,-0.8258,-0.85,1.08,0.09,0.32866,-0.04306,-0.20069,-0.92188,-0.86,1.12,0.13,0.02695,-0.08711,-0.1972,-0.97611,-0.85,1.12,0.17,-0.4479,-0.17331,-0.14333,-0.86534,-0.84,1.1,0.19,-0.68985,-0.18618,-0.1525,-0.68278,-0.83,1.08,0.19,-0.68985,-0.18618,-0.1525,-0.68278,-0.87,1.07,0.09,0.32866,-0.04306,-0.20069,-0.92188,-0.88,1.11,0.13,0.10388,-0.04793,-0.26524,-0.95737,-0.87,1.11,0.17,-0.42558,-0.20226,-0.23589,-0.8499,-0.86,1.1,0.19,-0.69935,-0.28894,-0.17778,-0.62914,-0.85,1.08,0.18,-0.69935,-0.28894,-0.17778,-0.62914,-0.88,1.07,0.09,0.26419,0.01598,-0.43047,-0.86293,-0.89,1.09,0.13,0.17415,-0.00604,-0.35167,-0.91976,-0.89,1.1,0.16,-0.35671,-0.19557,-0.36739,-0.83639,-0.88,1.09,0.17,-0.62319,-0.356,-0.28321,-0.63615,-0.86,1.08,0.18,-0.62319,-0.356,-0.28321,-0.63615,-0.7,1.09,0.12,-0.34834,-0.182,-0.12043,0.91161,-0.68,1.05,0.07,-0.34834,-0.182,-0.12043,0.91161,-0.72,1.07,0.09,-0.42911,-0.23392,0.59739,0.63582,-0.75,1.08,0.11,-0.26841,-0.08439,0.56157,0.77812,-0.76,1.09,0.14,-0.17153,-0.05125,0.64058,0.74673,-0.77,1.09,0.16,-0.17153,-0.05125,0.64058,0.74673,-0.71,1.07,0.09,-0.34834,-0.182,-0.12043,0.91161,-0.73,1.11,0.13,-0.04768,-0.21725,-0.00353,0.97495,-0.74,1.12,0.16,0.33698,-0.20623,0.05535,0.91698,-0.75,1.1,0.18,0.48152,-0.16774,0.07979,0.85653,-0.76,1.08,0.19,0.48152,-0.16774,0.07979,0.85653,-0.7,1.07,0.1,-0.34834,-0.182,-0.12043,0.91161,-0.71,1.12,0.13,-0.06853,-0.19914,-0.07887,0.97438,-0.72,1.12,0.17,0.37531,-0.21537,0.00561,0.90151,-0.73,1.1,0.19,0.59744,-0.19127,-0.0055,0.77875,-0.74,1.08,0.2,0.59744,-0.19127,-0.0055,0.77875,-0.68,1.07,0.1,-0.34834,-0.182,-0.12043,0.91161,-0.69,1.11,0.14,-0.14554,-0.16881,-0.15905,0.96178,-0.7,1.12,0.17,0.40166,-0.24885,-0.08047,0.87765,-0.71,1.1,0.19,0.6805,-0.27854,-0.01993,0.67745,-0.72,1.08,0.19,0.6805,-0.27854,-0.01993,0.67745,-0.67,1.07,0.11,-0.26593,-0.12257,-0.35087,0.88946,-0.67,1.09,0.14,-0.26999,-0.11842,-0.26127,0.91914,-0.68,1.11,0.17,0.36317,-0.26701,-0.21293,0.86688,-0.69,1.1,0.18,0.67951,-0.37026,-0.09714,0.62589,-0.7,1.08,0.18,0.67951,-0.37026,-0.09714,0.62589,-0.81,1.08,0.19
-0.8,1.45,-0.15,-0.8,1.45,-0.15,-0.86,1.1,0.11,0.34121,-0.04202,-0.17904,-0.92182,-0.86,1.06,0.06,0.34121,-0.04202,-0.17904,-0.92182,-0.83,1.08,0.09,0.42739,-0.16998,0.51062,-0.72644,-0.8,1.1,0.11,0.1984,-0.01339,0.45962,-0.86557,-0.8,1.11,0.14,0.08435,0.00547,0.53548,-0.84031,-0.79,1.11,0.16,0.08435,0.00547,0.53548,-0.84031,-0.84,1.08,0.09,0.34121,-0.04202,-0.17904,-0.92182,-0.84,1.12,0.13,0.01852,-0.11332,-0.09596,-0.98874,-0.83,1.13,0.17,-0.37104,-0.14561,-0.06961,-0.91449,-0.82,1.11,0.18,-0.52281,-0.12787,-0.0513,-0.84124,-0.82,1.09,0.19,-0.52281,-0.12787,-0.0513,-0.84124,-0.85,1.08,0.09,0.34121,-0.04202,-0.17904,-0.92182,-0.86,1.12,0.13,0.06527,-0.07601,-0.17868,-0.97879,-0.85,1.13,0.17,-0.39476,-0.15206,-0.13597,-0.89585,-0.84,1.11,0.19,-0.63114,-0.16597,-0.15513,-0.74165,-0.83,1.09,0.19,-0.63114,-0.16597,-0.15513,-0.74165,-0.87,1.07,0.09,0.34121,-0.04202,-0.17904,-0.92182,-0.88,1.11,0.13,0.14502,-0.03622,-0.24648,-0.95755,-0.88,1.12,0.17,-0.36451,-0.17748,-0.23058,-0.88457,-0.86,1.1,0.19,-0.63743,-0.26302,-0.18575,-0.7,-0.85,1.09,0.19,-0.63743,-0.26302,-0.18575,-0.7,-0.88,1.07,0.09,0.27959,0.01477,-0.41129,-0.86744,-0.89,1.09,0.13,0.20105,-0.00074,-0.33115,-0.92191,-0.89,1.1,0.16,-0.29972,-0.16843,-0.35911,-0.86766,-0.88,1.09,0.17,-0.55908,-0.32053,-0.29247,-0.70651,-0.87,1.08,0.18,-0.55908,-0.32053,-0.29247,-0.70651,-0.7,1.1,0.11,-0.36048,-0.18258,-0.12737,0.90581,-0.68,1.06,0.07,-0.36048,-0.18258,-0.12737,0.90581,-0.72,1.07,0.09,-0.44076,-0.22601,0.59274,0.63506,-0.75,1.08,0.11,-0.27952,-0.07832,0.55478,0.77971,-0.76,1.09,0.14,-0.18055,-0.04364,0.63396,0.75073,-0.77,1.1,0.16,-0.18055,-0.04364,0.63396,0.75073,-0.71,1.07,0.09,-0.36048,-0.18258,-0.12737,0.90581,-0.73,1.12,0.13,-0.08579,-0.21765,-0.01729,0.97209,-0.74,1.12,0.16,0.29615,-0.21309,0.04196,0.93012,-0.75,1.11,0.18,0.44269,-0.17711,0.06627,0.87651,-0.76,1.09,0.19,0.44269,-0.17711,0.06627,0.87651,-0.7,1.07,0.1,-0.36048,-0.18258,-0.12737,0.90581,-0.71,1.12,0.13,-0.08176,-0.20155,-0.08574,0.97229,-0.72,1.13,0.17,0.36247,-0.22076,0.00055,0.90547,-0.73,1.11,0.19,0.58686,-0.19857,-0.00912,0.78491,-0.74,1.09,0.2,0.58686,-0.19857,-0.00912,0.78491,-0.68,1.07,0.1,-0.36048,-0.18258,-0.12737,0.90581,-0.69,1.11,0.14,-0.15501,-0.17165,-0.1659,0.95864,-0.7,1.12,0.17,0.39233,-0.25531,-0.08433,0.87965,-0.71,1.11,0.19,0.67315,-0.28614,-0.02087,0.68158,-0.72,1.08,0.19,0.67315,-0.28614,-0.02087,0.68158,-0.67,1.07,0.11,-0.2767,-0.12658,-0.35808,0.88272,-0.67,1.1,0.14,-0.28323,-0.11998,-0.26924,0.91263,-0.68,1.11,0.17,0.34972,-0.27446,-0.21762,0.86891,-0.69,1.1,0.18,0.66784,-0.37903,-0.09774,0.63306,-0.7,1.09,0.18,0.66784,-0.37903,-0.09774,0.63306,-0.81,1.08,0.19
-0.79,1.45,-0.15,-0.79,1.45,-0.15,-0.85,1.1,0.11,0.35228,-0.0492,-0.14163,-0.92381,-0.86,1.06,0.06,0.35228,-0.0492,-0.14163,-0.92381,-0.82,1.08,0.09,0.42538,-0.16784,0.54254,-0.70465,-0.8,1.09,0.11,0.20096,-0.00053,0.4914,-0.84743,-0.79,1.1,0.14,0.08264,0.02498,0.56392,-0.82131,-0.79,1.11,0.16,0.08264,0.02498,0.56392,-0.82131,-0.84,1.08,0.09,0.35228,-0.0492,-0.14163,-0.92381,-0.83,1.12,0.13,0.03815,-0.10412,-0.06113,-0.99195,-0.83,1.13,0.17,-0.34176,-0.12351,-0.04282,-0.93065,-0.82,1.11,0.18,-0.49248,-0.10159,-0.03,-0.86385,-0.81,1.09,0.2,-0.49248,-0.10159,-0.03,-0.86385,-0.85,1.08,0.09,0.35228,-0.0492,-0.14163,-0.92381,-0.85,1.12,0.13,0.09017,-0.07152,-0.14145,-0.98323,-0.85,1.13,0.17,-0.34405,-0.12766,-0.10931,-0.92379,-0.84,1.11,0.19,-0.55322,-0.13546,-0.14011,-0.80991,-0.83,1.09,0.2,-0.55322,-0.13546,-0.14011,-0.80991,-0.87,1.07,0.09,0.35228,-0.0492,-0.14163,-0.92381,-0.87,1.11,0.13,0.17147,-0.03608,-0.20881,-0.96213,-0.87,1.12,0.17,-0.30315,-0.1504,-0.20427,-0.91856,-0.86,1.11,0.19,-0.55126,-0.2243,-0.17761,-0.78374,-0.85,1.09,0.2,-0.55126,-0.2243,-0.17761,-0.78374,-0.88,1.07,0.09,0.29404,0.0065,-0.37691,-0.87831,-0.89,1.09,0.13,0.2261,-0.00641,-0.29293,-0.92899,-0.89,1.11,0.16,-0.22835,-0.13717,-0.33064,-0.90538,-0.88,1.1,0.18,-0.45146,-0.2653,-0.28933,-0.8013,-0.87,1.09,0.19,-0.45146,-0.2653,-0.28933,-0.8013,-0.7,1.1,0.11,-0.36072,-0.1874,-0.12218,0.90545,-0.68,1.05,0.07,-0.36072,-0.1874,-0.12218,0.90545,-0.72,1.07,0.09,-0.43952,-0.23038,0.5983,0.62911,-0.75,1.08,0.11,-0.27619,-0.07872,0.56236,0.77542,-0.76,1.09,0.14,-0.1758,-0.04211,0.64096,0.74599,-0.77,1.09,0.16,-0.1758,-0.04211,0.64096,0.74599,-0.71,1.07,0.09,-0.36072,-0.1874,-0.12218,0.90545,-0.73,1.12,0.13,-0.09493,-0.21202,-0.01972,0.97244,-0.74,1.12,0.16,0.29194,-0.20887,0.03856,0.93255,-0.75,1.11,0.18,0.44005,-0.17344,0.06235,0.87886,-0.76,1.09,0.19,0.44005,-0.17344,0.06235,0.87886,-0.7,1.07,0.1,-0.36072,-0.1874,-0.12218,0.90545,-0.71,1.12,0.13,-0.05362,-0.20571,-0.07416,0.97432,-0.73,1.12,0.17,0.38804,-0.21897,0.01257,0.89516,-0.74,1.11,0.19,0.60639,-0.19231,0.00209,0.77156,-0.74,1.08,0.19,0.60639,-0.19231,0.00209,0.77156,-0.68,1.07,0.1,-0.36072,-0.1874,-0.12218,0.90545,-0.69,1.11,0.14,-0.13608,-0.17653,-0.15736,0.96206,-0.7,1.12,0.17,0.40431,-0.2536,-0.07658,0.87542,-0.72,1.1,0.19,0.67856,-0.28175,-0.01596,0.67818,-0.73,1.08,0.19,0.67856,-0.28175,-0.01596,0.67818,-0.67,1.07,0.11,-0.27667,-0.13125,-0.35293,0.88412,-0.68,1.1,0.14,-0.29092,-0.11952,-0.26543,0.91139,-0.68,1.11,0.17,0.33815,-0.27137,-0.21611,0.87482,-0.69,1.1,0.18,0.65106,-0.37491,-0.1017,0.65209,-0.7,1.09,0.18,0.65106,-0.37491,-0.1017,0.65209,-0.81,1.08,0.19
-0.79,1.45,-0.15,-0.79,1.45,-0.15,-0.85,1.09,0.11,0.33271,-0.04969,-0.11571,-0.93458,-0.86,1.06,0.06,0.33271,-0.04969,-0.11571,-0.93458,-0.82,1.07,0.09,0.40625,-0.18039,0.55724,-0.70137,-0.8,1.08,0.11,0.17784,-0.00317,0.51061,-0.84122,-0.79,1.09,0.14,0.05944,0.02307,0.58151,-0.81104,-0.79,1.1,0.16,0.05944,0.02307,0.58151,-0.81104,-0.83,1.08,0.09,0.33271,-0.04969,-0.11571,-0.93458,-0.83,1.12,0.13,0.04049,-0.08914,-0.04491,-0.99418,-0.82,1.12,0.17,-0.32871,-0.10316,-0.03479,-0.93813,-0.82,1.11,0.19,-0.47873,-0.08019,-0.02602,-0.87391,-0.81,1.09,0.2,-0.47873,-0.08019,-0.02602,-0.87391,-0.85,1.07,0.09,0.33271,-0.04969,-0.11571,-0.93458,-0.85,1.12,0.13,0.08377,-0.06229,-0.1175,-0.98757,-0.85,1.12,0.17,-0.32955,-0.10673,-0.09426,-0.93334,-0.84,1.11,0.19,-0.51892,-0.11071,-0.13156,-0.83735,-0.83,1.09,0.21,-0.51892,-0.11071,-0.13156,-0.83735,-0.87,1.07,0.09,0.33271,-0.04969,-0.11571,-0.93458,-0.87,1.11,0.13,0.16415,-0.0294,-0.18247,-0.96897,-0.87,1.12,0.17,-0.28573,-0.12659,-0.1878,-0.93116,-0.86,1.1,0.19,-0.5158,-0.19392,-0.17207,-0.81654,-0.85,1.09,0.2,-0.5158,-0.19392,-0.17207,-0.81654,-0.87,1.07,0.09,0.27844,0.01206,-0.35129,-0.89383,-0.88,1.09,0.13,0.21113,-0.00766,-0.26395,-0.94111,-0.89,1.1,0.16,-0.21372,-0.11315,-0.30771,-0.92024,-0.88,1.1,0.18,-0.41517,-0.22824,-0.27953,-0.83511,-0.87,1.08,0.19,-0.41517,-0.22824,-0.27953,-0.83511,-0.71,1.09,0.12,-0.33512,-0.17482,-0.09326,0.92111,-0.69,1.06,0.07,-0.33512,-0.17482,-0.09326,0.92111,-0.73,1.07,0.1,-0.41491,-0.2463,0.60942,0.62912,-0.75,1.07,0.11,-0.24866,-0.08693,0.57877,0.77177,-0.77,1.08,0.14,-0.15141,-0.05303,0.65632,0.73723,-0.77,1.09,0.16,-0.15141,-0.05303,0.65632,0.73723,-0.72,1.07,0.1,-0.33512,-0.17482,-0.09326,0.92111,-0.73,1.11,0.13,-0.09657,-0.18863,-0.00553,0.97727,-0.75,1.12,0.17,0.28242,-0.1823,0.04071,0.94093,-0.76,1.11,0.19,0.42862,-0.147,0.05932,0.88947,-0.76,1.09,0.2,0.42862,-0.147,0.05932,0.88947,-0.7,1.07,0.1,-0.33512,-0.17482,-0.09326,0.92111,-0.71,1.12,0.14,-0.03126,-0.18045,-0.05408,0.9816,-0.73,1.12,0.18,0.40166,-0.18733,0.01726,0.89626,-0.74,1.1,0.2,0.60846,-0.16035,-0.00222,0.77722,-0.74,1.08,0.2,0.60846,-0.16035,-0.00222,0.77722,-0.68,1.07,0.11,-0.33512,-0.17482,-0.09326,0.92111,-0.7,1.11,0.14,-0.11529,-0.14988,-0.13498,0.97264,-0.71,1.12,0.18,0.41119,-0.21729,-0.07619,0.88199,-0.72,1.1,0.19,0.67459,-0.24788,-0.03146,0.69461,-0.73,1.08,0.2,0.67459,-0.24788,-0.03146,0.69461,-0.68,1.07,0.11,-0.25826,-0.11105,-0.32481,0.90303,-0.68,1.09,0.15,-0.29077,-0.08865,-0.23898,0.92222,-0.68,1.11,0.17,0.32224,-0.22636,-0.21909,0.8927,-0.69,1.1,0.19,0.62523,-0.33318,-0.12977,0.69372,-0.7,1.09,0.19,0.62523,-0.33318,-0.12977,0.69372,-0.81,1.08,0.19
-0.79,1.45,-0.15,-0.79,1.45,-0.15,-0.85,1.09,0.11,0.31049,-0.04991,-0.10945,-0.94294,-0.86,1.06,0.06,0.31049,-0.04991,-0.10945,-0.94294,-0.82,1.07,0.09,0.39727,-0.19255,0.55081,-0.70831,-0.8,1.08,0.11,0.16122,-0.01275,0.50848,-0.84575,-0.79,1.09,0.14,0.04693,0.00929,0.58029,-0.81301,-0.79,1.09,0.16,0.04693,0.00929,0.58029,-0.81301,-0.83,1.07,0.09,0.31049,-0.04991,-0.10945,-0.94294,-0.83,1.11,0.13,0.04617,-0.07648,-0.04927,-0.99478,-0.82,1.12,0.17,-0.31218,-0.09261,-0.04461,-0.94445,-0.82,1.1,0.19,-0.46298,-0.07148,-0.03795,-0.88266,-0.81,1.08,0.2,-0.46298,-0.07148,-0.03795,-0.88266,-0.85,1.07,0.09,0.31049,-0.04991,-0.10945,-0.94294,-0.85,1.11,0.13,0.0783,-0.05531,-0.11398,-0.98885,-0.85,1.12,0.18,-0.31707,-0.09704,-0.09577,-0.93855,-0.84,1.1,0.2,-0.49127,-0.10077,-0.13559,-0.85447,-0.83,1.08,0.21,-0.49127,-0.10077,-0.13559,-0.85447,-0.87,1.07,0.09,0.31049,-0.04991,-0.10945,-0.94294,-0.87,1.1,0.13,0.15342,-0.02479,-0.17572,-0.9721,-0.87,1.11,0.17,-0.27529,-0.11498,-0.18629,-0.9361,-0.86,1.1,0.19,-0.48894,-0.17974,-0.17593,-0.83527,-0.85,1.08,0.2,-0.48894,-0.17974,-0.17593,-0.83527,-0.87,1.07,0.09,0.2576,0.01773,-0.34383,-0.90283,-0.88,1.09,0.13,0.18961,-0.01188,-0.25387,-0.9484,-0.89,1.1,0.16,-0.20989,-0.10278,-0.29874,-0.92528,-0.88,1.09,0.18,-0.39066,-0.20951,-0.27773,-0.85227,-0.87,1.08,0.19,-0.39066,-0.20951,-0.27773,-0.85227,-0.71,1.09,0.13,-0.27256,-0.15668,-0.03932,0.94848,-0.69,1.06,0.07,-0.27256,-0.15668,-0.03932,0.94848,-0.73,1.06,0.1,-0.38106,-0.28998,0.60579,0.63539,-0.76,1.07,0.12,-0.21346,-0.12899,0.58679,0.77038,-0.77,1.07,0.15,-0.13636,-0.11164,0.66522,0.72555,-0.78,1.07,0.17,-0.13636,-0.11164,0.66522,0.72555,-0.72,1.07,0.1,-0.27256,-0.15668,-0.03932,0.94848,-0.74,1.1,0.15,-0.07268,-0.16414,0.03471,0.98314,-0.75,1.11,0.18,0.25375,-0.14744,0.06038,0.95406,-0.76,1.1,0.2,0.3863,-0.11074,0.07023,0.913,-0.76,1.08,0.21,0.3863,-0.11074,0.07023,0.913,-0.71,1.07,0.1,-0.27256,-0.15668,-0.03932,0.94848,-0.72,1.11,0.15,-0.05587,-0.13705,-0.02468,0.98868,-0.73,1.11,0.19,0.36027,-0.13636,0.02157,0.92258,-0.74,1.09,0.21,0.55888,-0.11344,-0.01156,0.82137,-0.74,1.07,0.22,0.55888,-0.11344,-0.01156,0.82137,-0.69,1.07,0.11,-0.27256,-0.15668,-0.03932,0.94848,-0.7,1.1,0.15,-0.137,-0.09949,-0.09704,0.98077,-0.71,1.11,0.19,0.3809,-0.15462,-0.07216,0.90874,-0.72,1.09,0.2,0.63999,-0.18867,-0.04979,0.7432,-0.72,1.07,0.21,0.63999,-0.18867,-0.04979,0.7432,-0.68,1.07,0.11,-0.20853,-0.07571,-0.26982,0.93701,-0.68,1.09,0.15,-0.28266,-0.04252,-0.18232,0.94077,-0.68,1.1,0.18,0.30558,-0.14885,-0.20596,0.91763,-0.69,1.09,0.19,0.60786,-0.25568,-0.14979,0.73668,-0.7,1.08,0.2,0.60786,-0.25568,-0.14979,0.73668,-0.81,1.08,0.19
-0.79,1.45,-0.15,-0.79,1.45,-0.15,-0.85,1.09,0.11,0.29505,-0.05583,-0.11371,-0.94705,-0.86,1.06,0.06,0.29505,-0.05583,-0.11371,-0.94705,-0.82,1.07,0.09,0.41032,-0.20176,0.52583,-0.71724,-0.8,1.08,0.11,0.16732,-0.02895,0.48667,-0.85692,-0.79,1.09,0.14,0.05781,-0.01153,0.56183,-0.82515,-0.79,1.09,0.16,0.05781,-0.01153,0.56183,-0.82515,-0.83,1.07,0.09,0.29505,-0.05583,-0.11371,-0.94705,-0.83,1.11,0.14,0.05521,-0.07469,-0.05906,-0.99392,-0.82,1.11,0.17,-0.29875,-0.09438,-0.05482,-0.94807,-0.82,1.1,0.19,-0.45082,-0.07504,-0.04808,-0.88816,-0.81,1.08,0.2,-0.45082,-0.07504,-0.04808,-0.88816,-0.85,1.07,0.09,0.29505,-0.05583,-0.11371,-0.94705,-0.85,1.11,0.14,0.08464,-0.05491,-0.12003,-0.98763,-0.85,1.12,0.18,-0.31199,-0.09926,-0.10135,-0.93944,-0.84,1.1,0.2,-0.48441,-0.10408,-0.14071,-0.85715,-0.83,1.08,0.21,-0.48441,-0.10408,-0.14071,-0.85715,-0.87,1.07,0.09,0.29505,-0.05583,-0.11371,-0.94705,-0.87,1.1,0.14,0.15492,-0.02659,-0.17907,-0.9712,-0.87,1.11,0.17,-0.27334,-0.11804,-0.18852,-0.93585,-0.86,1.1,0.19,-0.48343,-0.18267,-0.17779,-0.83745,-0.85,1.08,0.21,-0.48343,-0.18267,-0.17779,-0.83745,-0.87,1.06,0.09,0.24077,0.0157,-0.34653,-0.90648,-0.88,1.08,0.13,0.17714,-0.02166,-0.25425,-0.95053,-0.88,1.09,0.16,-0.21163,-0.1075,-0.29588,-0.92526,-0.88,1.09,0.18,-0.38521,-0.21133,-0.27546,-0.85503,-0.87,1.08,0.19,-0.38521,-0.21133,-0.27546,-0.85503,-0.71,1.08,0.13,-0.21748,-0.15062,-0.01629,0.96423,-0.69,1.06,0.07,-0.21748,-0.15062,-0.01629,0.96423,-0.73,1.06,0.1,-0.38708,-0.31298,0.55678,0.66499,-0.76,1.07,0.11,-0.22201,-0.17264,0.53856,0.79427,-0.78,1.07,0.14,-0.17802,-0.18185,0.61873,0.74325,-0.79,1.07,0.16,-0.17802,-0.18185,0.61873,0.74325,-0.72,1.07,0.1,-0.21748,-0.15062,-0.01629,0.96423,-0.74,1.09,0.15,-0.05126,-0.16924,0.05301,0.98281,-0.75,1.1,0.18,0.24922,-0.14779,0.07543,0.95413,-0.76,1.08,0.2,0.37285,-0.10977,0.08385,0.91755,-0.76,1.07,0.22,0.37285,-0.10977,0.08385,0.91755,-0.71,1.07,0.1,-0.21748,-0.15062,-0.01629,0.96423,-0.72,1.1,0.15,-0.10277,-0.11828,-0.01744,0.98749,-0.73,1.11,0.19,0.32724,-0.11664,0.02171,0.93746,-0.74,1.09,0.21,0.53739,-0.09607,-0.01619,0.83769,-0.74,1.07,0.23,0.53739,-0.09607,-0.01619,0.83769,-0.69,1.07,0.11,-0.21748,-0.15062,-0.01629,0.96423,-0.7,1.09,0.16,-0.18864,-0.07556,-0.08178,0.97571,-0.71,1.11,0.19,0.35035,-0.1295,-0.06816,0.92512,-0.71,1.09,0.21,0.61994,-0.16462,-0.05245,0.76539,-0.72,1.07,0.21,0.61994,-0.16462,-0.05245,0.76539,-0.68,1.07,0.11,-0.15941,-0.05581,-0.24316,0.95517,-0.68,1.08,0.15,-0.28597,-0.02046,-0.15189,0.9459,-0.68,1.1,0.18,0.28485,-0.11011,-0.19533,0.93198,-0.69,1.09,0.2,0.59916,-0.21717,-0.15184,0.75551,-0.7,1.07,0.2,0.59916,-0.21717,-0.15184,0.75551,-0.81,1.08,0.19
-0.79,1.45,-0.15,-0.79,1.45,-0.15,-0.85,1.09,0.11,0.29132,-0.06215,-0.11371,-0.94781,-0.86,1.06,0.06,0.29132,-0.06215,-0.11371,-0.94781,-0.82,1.07,0.09,0.42425,-0.20588,0.51097,-0.7187,-0.8,1.08,0.11,0.1771,-0.03744,0.47347,-0.86201,-0.79,1.09,0.14,0.07048,-0.02212,0.55063,-0.83147,-0.79,1.09,0.16,0.07048,-0.02212,0.55063,-0.83147,-0.83,1.07,0.09,0.29132,-0.06215,-0.11371,-0.94781,-0.83,1.11,0.14,0.07001,-0.07582,-0.0617,-0.99275,-0.82,1.11,0.17,-0.28132,-0.09655,-0.05715,-0.95303,-0.82,1.1,0.19,-0.43464,-0.07775,-0.0505,-0.89582,-0.81,1.09,0.21,-0.43464,-0.07775,-0.0505,-0.89582,-0.85,1.07,0.09,0.29132,-0.06215,-0.11371,-0.94781,-0.85,1.11,0.14,0.10218,-0.05537,-0.12147,-0.98577,-0.84,1.12,0.18,-0.29973,-0.10097,-0.10197,-0.94317,-0.84,1.1,0.2,-0.47515,-0.10687,-0.14109,-0.86192,-0.83,1.08,0.21,-0.47515,-0.10687,-0.14109,-0.86192,-0.87,1.07,0.09,0.29132,-0.06215,-0.11371,-0.94781,-0.87,1.1,0.14,0.17129,-0.02856,-0.17896,-0.96841,-0.87,1.11,0.17,-0.26207,-0.1213,-0.18679,-0.939,-0.86,1.1,0.19,-0.47498,-0.18596,-0.17481,-0.84217,-0.85,1.08,0.21,-0.47498,-0.18596,-0.17481,-0.84217,-0.87,1.06,0.1,0.23583,0.01046,-0.34606,-0.90803,-0.88,1.08,0.13,0.18366,-0.03145,-0.25109,-0.94986,-0.88,1.09,0.16,-0.20011,-0.11398,-0.28977,-0.92898,-0.88,1.09,0.18,-0.3745,-0.2164,-0.26768,-0.86097,-0.86,1.08,0.2,-0.3745,-0.2164,-0.26768,-0.86097,-0.71,1.08,0.13,-0.18302,-0.14687,-0.01599,0.97194,-0.69,1.06,0.07,-0.18302,-0.14687,-0.01599,0.97194,-0.73,1.06,0.1,-0.39105,-0.31694,0.51554,0.69343,-0.76,1.07,0.11,-0.22881,-0.19252,0.49343,0.81676,-0.78,1.07,0.14,-0.20563,-0.21621,0.57349,0.76294,-0.79,1.08,0.16,-0.20563,-0.21621,0.57349,0.76294,-0.72,1.07,0.1,-0.18302,-0.14687,-0.01599,0.97194,-0.74,1.09,0.15,-0.03515,-0.17902,0.05138,0.98187,-0.75,1.09,0.19,0.26965,-0.15677,0.07765,0.94693,-0.76,1.08,0.21,0.40385,-0.11717,0.0896,0.90286,-0.76,1.06,0.22,0.40385,-0.11717,0.0896,0.90286,-0.7,1.07,0.1,-0.18302,-0.14687,-0.01599,0.97194,-0.72,1.09,0.16,-0.12971,-0.1107,-0.02422,0.98506,-0.73,1.1,0.2,0.32331,-0.11267,0.01495,0.93944,-0.73,1.09,0.22,0.55433,-0.09329,-0.02344,0.82672,-0.74,1.07,0.23,0.55433,-0.09329,-0.02344,0.82672,-0.69,1.07,0.11,-0.18302,-0.14687,-0.01599,0.97194,-0.7,1.09,0.16,-0.22616,-0.06442,-0.08433,0.96829,-0.7,1.1,0.19,0.32491,-0.12358,-0.07408,0.9347,-0.71,1.09,0.21,0.60193,-0.16166,-0.0589,0.77979,-0.72,1.07,0.22,0.60193,-0.16166,-0.0589,0.77979,-0.68,1.07,0.11,-0.12672,-0.04396,-0.2397,0.96154,-0.68,1.08,0.16,-0.29742,-0.00693,-0.14517,0.94362,-0.68,1.09,0.18,0.24093,-0.08982,-0.19884,0.9457,-0.68,1.09,0.2,0.56222,-0.19998,-0.16079,0.78617,-0.69,1.07,0.2,0.56222,-0.19998,-0.16079,0.78617,-0.81,1.08,0.19
-0.79,1.45,-0.15,-0.79,1.45,-0.15,-0.85,1.09,0.11,0.28115,-0.06205,-0.11138,-0.95116,-0.86,1.06,0.06,0.28115,-0.06205,-0.11138,-0.95116,-0.82,1.07,0.09,0.42728,-0.2083,0.49947,-0.72427,-0.8,1.08,0.11,0.1774,-0.04331,0.46283,-0.86743,-0.79,1.09,0.14,0.07259,-0.03005,0.54117,-0.83724,-0.79,1.09,0.16,0.07259,-0.03005,0.54117,-0.83724,-0.83,1.07,0.09,0.28115,-0.06205,-0.11138,-0.95116,-0.83,1.11,0.14,0.06819,-0.07225,-0.06166,-0.99314,-0.82,1.11,0.17,-0.28264,-0.09312,-0.05842,-0.95291,-0.82,1.1,0.19,-0.43776,-0.07468,-0.05208,-0.89447,-0.81,1.08,0.21,-0.43776,-0.07468,-0.05208,-0.89447,-0.85,1.07,0.09,0.28115,-0.06205,-0.11138,-0.95116,-0.85,1.11,0.14,0.1168,-0.04882,-0.12156,-0.98448,-0.85,1.12,0.18,-0.29283,-0.09597,-0.10395,-0.94564,-0.84,1.1,0.2,-0.47202,-0.10316,-0.14398,-0.86361,-0.83,1.08,0.21,-0.47202,-0.10316,-0.14398,-0.86361,-0.87,1.07,0.09,0.28115,-0.06205,-0.11138,-0.95116,-0.87,1.1,0.14,0.1947,-0.02138,-0.17729,-0.96447,-0.87,1.11,0.17,-0.24634,-0.11644,-0.1872,-0.94377,-0.86,1.1,0.2,-0.46245,-0.18202,-0.17576,-0.84977,-0.85,1.08,0.21,-0.46245,-0.18202,-0.17576,-0.84977,-0.87,1.06,0.1,0.22627,0.01318,-0.34306,-0.91156,-0.88,1.08,0.14,0.20392,-0.02761,-0.24619,-0.94712,-0.88,1.09,0.16,-0.17463,-0.10846,-0.2874,-0.93549,-0.88,1.09,0.18,-0.35092,-0.21075,-0.26532,-0.87295,-0.87,1.08,0.2,-0.35092,-0.21075,-0.26532,-0.87295,-0.71,1.09,0.13,-0.21889,-0.15214,-0.062,0.96182,-0.69,1.06,0.07,-0.21889,-0.15214,-0.062,0.96182,-0.73,1.07,0.1,-0.43052,-0.28633,0.49058,0.70143,-0.76,1.08,0.11,-0.26474,-0.16994,0.46041,0.83009,-0.77,1.09,0.14,-0.23768,-0.18953,0.54422,0.78193,-0.79,1.09,0.16,-0.23768,-0.18953,0.54422,0.78193,-0.72,1.07,0.1,-0.21889,-0.15214,-0.062,0.96182,-0.74,1.1,0.15,-0.09505,-0.19518,0.0049,0.97614,-0.75,1.11,0.18,0.24582,-0.18634,0.04536,0.95015,-0.76,1.09,0.2,0.41267,-0.14949,0.06708,0.89602,-0.76,1.08,0.21,0.41267,-0.14949,0.06708,0.89602,-0.7,1.07,0.1,-0.21889,-0.15214,-0.062,0.96182,-0.72,1.1,0.15,-0.16686,-0.1237,-0.07037,0.97566,-0.73,1.12,0.19,0.2826,-0.14523,-0.02096,0.94795,-0.73,1.1,0.21,0.52008,-0.13651,-0.05008,0.84165,-0.74,1.08,0.22,0.52008,-0.13651,-0.05008,0.84165,-0.69,1.07,0.11,-0.21889,-0.15214,-0.062,0.96182,-0.7,1.09,0.15,-0.2507,-0.07858,-0.13168,0.95584,-0.7,1.11,0.19,0.29288,-0.16109,-0.10638,0.93646,-0.71,1.1,0.21,0.57307,-0.2081,-0.07664,0.78893,-0.72,1.08,0.21,0.57307,-0.2081,-0.07664,0.78893,-0.68,1.07,0.11,-0.15409,-0.05875,-0.28709,0.9436,-0.68,1.08,0.15,-0.32589,-0.01015,-0.19534,0.92495,-0.68,1.1,0.18,0.20897,-0.12141,-0.23873,0.94053,-0.68,1.09,0.19,0.52749,-0.24344,-0.18511,0.79261,-0.7,1.08,0.2,0.52749,-0.24344,-0.18511,0.79261,-0.81,1.08,0.19
-0.79,1.45,-0.15,-0.79,1.45,-0.15,-0.85,1.08,0.12,0.25179,-0.06273,-0.10744,-0.95975,-0.86,1.06,0.06,0.25179,-0.06273,-0.10744,-0.95975,-0.82,1.07,0.09,0.42176,-0.22014,0.47882,-0.73783,-0.8,1.08,0.11,0.16713,-0.06057,0.44609,-0.87716,-0.79,1.09,0.14,0.06421,-0.05037,0.52647,-0.84627,-0.78,1.09,0.16,0.06421,-0.05037,0.52647,-0.84627,-0.83,1.07,0.09,0.25179,-0.06273,-0.10744,-0.95975,-0.83,1.1,0.14,0.04504,-0.06575,-0.06115,-0.99494,-0.82,1.1,0.18,-0.30273,-0.08611,-0.06049,-0.94725,-0.82,1.09,0.2,-0.45965,-0.06812,-0.05441,-0.88381,-0.81,1.07,0.21,-0.45965,-0.06812,-0.05441,-0.88381,-0.85,1.07,0.09,0.25179,-0.06273,-0.10744,-0.95975,-0.85,1.1,0.14,0.11432,-0.0401,-0.1198,-0.98538,-0.85,1.11,0.18,-0.2942,-0.08712,-0.10599,-0.94585,-0.84,1.1,0.2,-0.47102,-0.09459,-0.14771,-0.86451,-0.83,1.08,0.22,-0.47102,-0.09459,-0.14771,-0.86451,-0.87,1.07,0.09,0.25179,-0.06273,-0.10744,-0.95975,-0.87,1.09,0.14,0.20295,-0.01328,-0.17268,-0.96375,-0.87,1.11,0.18,-0.23839,-0.10749,-0.18648,-0.94702,-0.86,1.1,0.2,-0.4518,-0.17279,-0.17748,-0.85704,-0.85,1.08,0.21,-0.4518,-0.17279,-0.17748,-0.85704,-0.87,1.06,0.1,0.1981,0.01987,-0.3369,-0.92025,-0.88,1.08,0.14,0.21254,-0.02026,-0.23876,-0.94732,-0.88,1.09,0.16,-0.15621,-0.09659,-0.2841,-0.94104,-0.88,1.08,0.18,-0.33023,-0.19758,-0.26437,-0.88432,-0.87,1.08,0.2,-0.33023,-0.19758,-0.26437,-0.88432,-0.71,1.09,0.12,-0.25689,-0.15242,-0.10476,0.94858,-0.69,1.06,0.07,-0.25689,-0.15242,-0.10476,0.94858,-0.73,1.07,0.09,-0.44874,-0.25192,0.49188,0.7023,-0.75,1.08,0.11,-0.27308,-0.13079,0.4559,0.83695,-0.77,1.1,0.13,-0.2266,-0.13982,0.54179,0.79723,-0.78,1.1,0.15,-0.2266,-0.13982,0.54179,0.79723,-0.72,1.08,0.09,-0.25689,-0.15242,-0.10476,0.94858,-0.73,1.11,0.14,-0.15546,-0.19537,-0.04178,0.96743,-0.75,1.12,0.17,0.23111,-0.20357,0.01157,0.95132,-0.76,1.11,0.19,0.41921,-0.172,0.04078,0.89052,-0.76,1.1,0.21,0.41921,-0.172,0.04078,0.89052,-0.7,1.08,0.1,-0.25689,-0.15242,-0.10476,0.94858,-0.71,1.11,0.14,-0.17745,-0.13671,-0.10843,0.96854,-0.72,1.13,0.18,0.25492,-0.17304,-0.05199,0.94993,-0.73,1.11,0.2,0.47995,-0.17255,-0.07451,0.85693,-0.74,1.1,0.22,0.47995,-0.17255,-0.07451,0.85693,-0.68,1.08,0.1,-0.25689,-0.15242,-0.10476,0.94858,-0.69,1.1,0.15,-0.24359,-0.09473,-0.17122,0.94993,-0.7,1.12,0.18,0.27074,-0.19183,-0.13592,0.9335,-0.71,1.11,0.2,0.54007,-0.2462,-0.09672,0.79897,-0.72,1.09,0.21,0.54007,-0.2462,-0.09672,0.79897,-0.68,1.07,0.11,-0.18505,-0.06953,-0.33106,0.92267,-0.68,1.09,0.15,-0.34834,-0.00978,-0.24201,0.90553,-0.67,1.11,0.17,0.1834,-0.14833,-0.27708,0.93145,-0.68,1.1,0.19,0.49091,-0.28025,-0.21208,0.79717,-0.69,1.09,0.2,0.49091,-0.28025,-0.21208,0.79717,-0.81,1.08,0.19
